

 Wavenumbers:   820. - 50000. cm-1, ATM      1
 LEVEL PRESSURE   UPWARD FLUX   DIFDOWN FLUX  DIRDOWN FLUX  DOWNWARD FLUX   NET FLUX    HEATING RATE
          mb          W/m2          W/m2          W/m2        W/m2          W/m2       degree/day
  51    .06700      374.3739        0.0000     1360.8491     1360.8491     986.475210       0.00000
  50    .07753      374.3735        0.0013     1360.8273     1360.8286     986.455070      16.14218
  49    .09103      374.3730        0.0030     1360.8078     1360.8107     986.437708      10.85209
  48    0.1069      374.3725        0.0049     1360.7860     1360.7908     986.418357      10.30019
  47    0.1255      374.3719        0.0070     1360.7600     1360.7670     986.395112      10.53856
  46    0.1487      374.3712        0.0098     1360.7249     1360.7346     986.363415      11.55362
  45    0.1794      374.3704        0.0135     1360.6734     1360.6869     986.316558      12.86355
  44    0.2165      374.3695        0.0179     1360.6074     1360.6253     986.255804      13.82043
  43    0.2613      374.3686        0.0232     1360.5219     1360.5451     986.176505      14.94741
  42    0.3336      374.3674        0.0318     1360.3673     1360.3991     986.031689      16.88420
  41    0.4307      374.3662        0.0431     1360.1456     1360.1888     985.822521      18.18664
  40    0.5894      374.3653        0.0615     1359.7482     1359.8097     985.444465      20.10456
  39     1.339      374.3776        0.1450     1357.3733     1357.5183     983.140683      25.93640
  38     1.782      374.3967        0.1918     1355.8375     1356.0292     981.632540      28.71262
  37     2.292      374.4296        0.2448     1354.1208     1354.3656     979.936087      28.09768
  36     2.964      374.4890        0.3136     1352.1205     1352.4341     977.945059      24.99343
  35     3.853      374.5904        0.4037     1349.9734     1350.3771     975.786728      20.48295
  34     5.035      374.7476        0.5227     1347.7761     1348.2989     973.551274      15.96916
  33     6.613      374.9699        0.6811     1345.5290     1346.2101     971.240200      12.35500
  32     8.786      375.2598        0.8938     1343.2079     1344.1017     968.841838       9.31437
  31     11.80      375.6351        1.1969     1340.6494     1341.8463     966.211200       7.36496
  30     15.07      375.9923        1.5213     1338.4304     1339.9517     963.959353       5.81383
  29     18.79      376.3552        1.8863     1336.2864     1338.1727     961.817516       4.85620
  28     23.16      376.7322        2.3112     1334.1057     1336.4169     959.684670       4.12423
  27     28.12      377.1082        2.7959     1331.9136     1334.7094     957.601204       3.54175
  26     33.73      377.4457        3.3377     1329.7853     1333.1230     955.677359       2.89255
  25     40.54      377.7544        3.9915     1327.5375     1331.5290     953.774583       2.36061
  24     48.69      378.0300        4.7783     1325.1261     1329.9045     951.874406       1.96639
  23     57.69      378.2375        5.6408     1322.7388     1328.3796     950.142090       1.62379
  22     68.43      378.3788        6.6660     1320.1544     1326.8204     948.441587       1.33682
  21     81.20      378.3956        7.8863     1317.3916     1325.2780     946.882404       1.03028
  20     96.49      378.2709        9.3374     1314.3811     1323.7186     945.447693       0.79186
  19     114.6      378.0531       11.0505     1310.9471     1321.9976     943.944518       0.70188
  18     136.5      377.7412       13.0636     1306.9977     1320.0614     942.320157       0.62461
  17     162.9      377.3201       15.4371     1302.3518     1317.7890     940.468831       0.59176
  16     196.4      376.6665       18.4828     1296.2678     1314.7506     938.084069       0.60027
  15     218.7      376.2019       20.4598     1291.7724     1312.2323     936.030354       0.77972
  14     243.0      375.6941       22.5879     1286.1481     1308.7360     933.041933       1.03648
  13     269.0      375.1691       24.8700     1279.0245     1303.8945     928.725418       1.40026
  12     297.5      365.5060      268.6106     1014.4357     1283.0463     917.540219       3.31741
  11     328.5      351.0383      403.7671      853.4432     1257.2103     906.172001       3.09099
  10     361.9      350.1271      403.0500      846.1214     1249.1713     899.044220       1.80340
   9     398.1      349.1777      402.2230      838.0754     1240.2985     891.120789       1.84598
   8     437.6      348.2229      401.1337      829.0284     1230.1622     881.939305       1.96306
   7     480.5      347.3063      399.7960      819.0186     1218.8146     871.508328       2.04860
   6     533.0      346.4225      397.9520      806.4131     1204.3651     857.942591       2.18230
   5     589.8      346.0680      395.6666      792.4474     1188.1140     842.045985       2.35958
   4     651.6      263.6423      661.2326      414.1761     1075.4087     811.766462       4.14081
   3     718.7      180.7419      588.8458      378.8835      967.7293     786.987397       3.11404
   2     792.3      178.4615      577.0985      368.9113      946.0098     767.548230       2.22945
   1     891.5      176.2618      561.1406      355.3917      916.5323     740.270552       2.32120
   0    1013.0      176.4488      542.4827      339.7613      882.2440     705.795178       2.39380

  Modules and versions used in this calculation:

       rrtmg_sw.1col.f90:  $Revision: 33222 $            rrtmg_sw_init.f90:  $Revision: 33222 $
     rrtmgsw_cldprop.f90:  NOT USED                    rrtmgsw_cldprmc.f90:  $Revision: 33222 $
     rrtmg_sw_reftra.f90:  $Revision: 33222 $          rrtmg_sw_spcvrt.f90:  NOT USED          
     rrtmg_sw_spcvmc.f90:  NOT USED                    rrtmgsw_setcoef.f90:  NOT USED          
     rrtmg_sw_taumol.f90:  $Revision: 33222 $          rrtmg_sw_vrtqdr.f90:  NOT USED          
                rrtatm.f:  NOT USED                             util_xxx.f:  NOT USED          
                 extra.f:  NOT USED                       rrtmg_sw_k_g.f90:  $Revision: 33222 $

