

 Wavenumbers:   820. - 50000. cm-1, ATM      1
 LEVEL PRESSURE   UPWARD FLUX   DIFDOWN FLUX  DIRDOWN FLUX  DOWNWARD FLUX   NET FLUX    HEATING RATE
          mb          W/m2          W/m2          W/m2        W/m2          W/m2       degree/day
  51    .06700      235.8141        0.0000     1360.8491     1360.8491    1125.035047       0.00000
  50    .07753      235.8135        0.0012     1360.8273     1360.8285    1125.014939      16.11642
  49    .09103      235.8129        0.0027     1360.8078     1360.8105    1124.997623      10.82322
  48    0.1069      235.8121        0.0044     1360.7860     1360.7904    1124.978334      10.26762
  47    0.1255      235.8112        0.0064     1360.7600     1360.7664    1124.955169      10.50177
  46    0.1487      235.8102        0.0089     1360.7249     1360.7338    1124.923592      11.51035
  45    0.1794      235.8089        0.0124     1360.6734     1360.6858    1124.876919      12.81288
  44    0.2165      235.8074        0.0164     1360.6074     1360.6238    1124.816414      13.76372
  43    0.2613      235.8057        0.0212     1360.5219     1360.5431    1124.737453      14.88387
  42    0.3336      235.8031        0.0291     1360.3673     1360.3964    1124.593276      16.80965
  41    0.4307      235.8000        0.0395     1360.1456     1360.1851    1124.385070      18.10297
  40    0.5894      235.7956        0.0562     1359.7482     1359.8045    1124.008847      20.00708
  39     1.339      235.7870        0.1322     1357.3733     1357.5055    1121.718539      25.78471
  38     1.782      235.7902        0.1745     1355.8375     1356.0120    1120.221812      28.49527
  37     2.292      235.8014        0.2224     1354.1208     1354.3433    1118.541819      27.82507
  36     2.964      235.8276        0.2844     1352.1205     1352.4049    1116.577377      24.65967
  35     3.853      235.8779        0.3656     1349.9734     1350.3391    1114.461178      20.08312
  34     5.035      235.9603        0.4728     1347.7761     1348.2490    1112.288610      15.51993
  33     6.613      236.0792        0.6154     1345.5290     1346.1444    1110.065162      11.88656
  32     8.786      236.2332        0.8067     1343.2079     1344.0146    1107.781389       8.86935
  31     11.80      236.4272        1.0793     1340.6494     1341.7287    1105.301436       6.94309
  30     15.07      236.6051        1.3707     1338.4304     1339.8011    1103.196014       5.43579
  29     18.79      236.7790        1.6984     1336.2864     1337.9848    1101.205859       4.51230
  28     23.16      236.9510        2.0797     1334.1057     1336.1854    1099.234383       3.81220
  27     28.12      237.1109        2.5143     1331.9136     1334.4278    1097.316908       3.25958
  26     33.73      237.2336        2.9998     1329.7853     1332.7851    1095.551521       2.65431
  25     40.54      237.3147        3.5854     1327.5375     1331.1229    1093.808204       2.16278
  24     48.69      237.3465        4.2896     1325.1261     1329.4157    1092.069196       1.79960
  23     57.69      237.3162        5.0610     1322.7388     1327.7998    1090.483585       1.48627
  22     68.43      237.2068        5.9771     1320.1544     1326.1314    1088.924607       1.22557
  21     81.20      236.9711        7.0666     1317.3916     1324.4583    1087.487205       0.94981
  20     96.49      236.5885        8.3610     1314.3811     1322.7421    1086.153607       0.73605
  19     114.6      236.0855        9.8871     1310.9471     1320.8342    1084.748717       0.65598
  18     136.5      235.4485       11.6777     1306.9977     1318.6755    1083.226939       0.58516
  17     162.9      234.6504       13.7850     1302.3518     1316.1368    1081.486440       0.55633
  16     196.4      233.5311       16.4831     1296.2678     1312.7509    1079.219758       0.57055
  15     218.7      232.7618       18.2307     1291.7724     1310.0031    1077.241328       0.75114
  14     243.0      231.9069       20.1084     1286.1481     1306.2565    1074.349541       1.00297
  13     269.0      230.9608       22.1179     1279.0245     1301.1424    1070.181566       1.35207
  12     297.5      229.9195       24.2599     1270.1087     1294.3686    1064.449116       1.70018
  11     328.5      228.7802       26.5397     1260.1713     1286.7109    1057.930721       1.77233
  10     361.9      227.5396       28.9540     1249.4297     1278.3837    1050.844102       1.79298
   9     398.1      226.1914       31.5062     1237.6382     1269.1443    1042.952947       1.83846
   8     437.6      224.7347       34.1934     1224.3920     1258.5854    1033.850685       1.94612
   7     480.5      223.1669       37.0132     1209.7358     1246.7491    1023.582151       2.01670
   6     533.0      221.2394       40.3993     1191.2571     1231.6564    1010.417026       2.11785
   5     589.8      219.1903       43.9432     1170.7333     1214.6766     995.486230       2.21622
   4     651.6      217.0909       47.6298     1147.0297     1194.6595     977.568596       2.45028
   3     718.7      215.0271       51.4433     1120.8952     1172.3385     957.311445       2.54576
   2     792.3      213.2318       55.3546     1092.1619     1147.5165     934.284733       2.64091
   1     891.5      212.0556       60.3511     1053.3991     1113.7501     901.694507       2.77327
   0    1013.0      214.8827       65.9274     1008.4859     1074.4134     859.530689       2.92765



 Wavenumbers:  2600. -  3250. cm-1, ATM      1
 LEVEL PRESSURE   UPWARD FLUX   DIFDOWN FLUX  DIRDOWN FLUX  DOWNWARD FLUX   NET FLUX    HEATING RATE
          mb          W/m2          W/m2          W/m2        W/m2          W/m2       degree/day
  51    .06700        0.8023        0.0000       11.9937       11.9937      11.191454       0.00000
  50    .07753        0.8023        0.0000       11.9937       11.9937      11.191446       0.00640
  49    .09103        0.8023        0.0000       11.9937       11.9937      11.191436       0.00627
  48    0.1069        0.8023        0.0000       11.9937       11.9937      11.191425       0.00613
  47    0.1255        0.8023        0.0000       11.9937       11.9937      11.191412       0.00600
  46    0.1487        0.8023        0.0000       11.9937       11.9937      11.191395       0.00608
  45    0.1794        0.8023        0.0000       11.9936       11.9936      11.191372       0.00625
  44    0.2165        0.8023        0.0000       11.9936       11.9936      11.191345       0.00613
  43    0.2613        0.8023        0.0000       11.9936       11.9936      11.191313       0.00601
  42    0.3336        0.8023        0.0000       11.9935       11.9935      11.191260       0.00619
  41    0.4307        0.8023        0.0000       11.9935       11.9935      11.191189       0.00622
  40    0.5894        0.8023        0.0000       11.9933       11.9933      11.191068       0.00640
  39     1.339        0.8023        0.0000       11.9926       11.9926      11.190352       0.00806
  38     1.782        0.8023        0.0000       11.9921       11.9921      11.189797       0.01057
  37     2.292        0.8023        0.0000       11.9913       11.9913      11.189057       0.01226
  36     2.964        0.8023        0.0000       11.9902       11.9902      11.187967       0.01368
  35     3.853        0.8023        0.0000       11.9886       11.9886      11.186382       0.01504
  34     5.035        0.8023        0.0000       11.9864       11.9864      11.184109       0.01624
  33     6.613        0.8023        0.0000       11.9832       11.9832      11.180893       0.01719
  32     8.786        0.8023        0.0000       11.9787       11.9787      11.176409       0.01741
  31     11.80        0.8023        0.0000       11.9722       11.9722      11.169936       0.01812
  30     15.07        0.8023        0.0000       11.9654       11.9654      11.163129       0.01758
  29     18.79        0.8023        0.0000       11.9581       11.9581      11.155840       0.01653
  28     23.16        0.8023        0.0000       11.9502       11.9502      11.147918       0.01532
  27     28.12        0.8023        0.0000       11.9418       11.9418      11.139580       0.01417
  26     33.73        0.8023        0.0000       11.9329       11.9329      11.130616       0.01348
  25     40.54        0.8023        0.0000       11.9222       11.9222      11.119917       0.01327
  24     48.69        0.8023        0.0000       11.9093       11.9093      11.107075       0.01329
  23     57.69        0.8023        0.0000       11.8949       11.8950      11.092676       0.01350
  22     68.43        0.8023        0.0000       11.8770       11.8771      11.074758       0.01409
  21     81.20        0.8023        0.0000       11.8544       11.8544      11.052072       0.01499
  20     96.49        0.8024        0.0000       11.8256       11.8257      11.023305       0.01588
  19     114.6        0.8024        0.0000       11.7886       11.7887      10.986259       0.01730
  18     136.5        0.8025        0.0001       11.7429       11.7430      10.940520       0.01759
  17     162.9        0.8026        0.0001       11.6869       11.6870      10.884427       0.01793
  16     196.4        0.8027        0.0001       11.6129       11.6130      10.810234       0.01868
  15     218.7        0.8029        0.0001       11.5605       11.5606      10.757645       0.01997
  14     243.0        0.8032        0.0001       11.4957       11.4958      10.692543       0.02258
  13     269.0        0.8037        0.0001       11.4130       11.4131      10.609426       0.02696
  12     297.5        0.8044        0.0001       11.3101       11.3102      10.505839       0.03072
  11     328.5        0.8054        0.0001       11.1933       11.1934      10.387988       0.03204
  10     361.9        0.8067        0.0001       11.0632       11.0633      10.256571       0.03325
   9     398.1        0.8086        0.0001       10.9149       10.9151      10.106476       0.03497
   8     437.6        0.8111        0.0002       10.7385       10.7387       9.927574       0.03825
   7     480.5        0.8146        0.0002       10.5233       10.5234       9.708858       0.04296
   6     533.0        0.8201        0.0002       10.2141       10.2142       9.394155       0.05063
   5     589.8        0.8283        0.0002        9.8147        9.8149       8.986531       0.06050
   4     651.6        0.8415        0.0002        9.2987        9.2989       8.457383       0.07236
   3     718.7        0.8624        0.0002        8.7065        8.7067       7.844338       0.07704
   2     792.3        0.8974        0.0002        8.0516        8.0518       7.154354       0.07913
   1     891.5        0.9820        0.0002        7.1628        7.1630       6.181047       0.08282
   0    1013.0        1.2223        0.0002        6.1112        6.1114       4.889097       0.08971



 Wavenumbers:  3250. -  4000. cm-1, ATM      1
 LEVEL PRESSURE   UPWARD FLUX   DIFDOWN FLUX  DIRDOWN FLUX  DOWNWARD FLUX   NET FLUX    HEATING RATE
          mb          W/m2          W/m2          W/m2        W/m2          W/m2       degree/day
  51    .06700        0.0012        0.0000       20.2197       20.2197      20.218472       0.00000
  50    .07753        0.0012        0.0000       20.2140       20.2140      20.212803       4.54406
  49    .09103        0.0012        0.0000       20.2088       20.2088      20.207572       3.26932
  48    0.1069        0.0012        0.0000       20.2043       20.2043      20.203148       2.35506
  47    0.1255        0.0012        0.0000       20.2005       20.2005      20.199268       1.75884
  46    0.1487        0.0012        0.0000       20.1965       20.1965      20.195346       1.42967
  45    0.1794        0.0012        0.0000       20.1921       20.1921      20.190903       1.21962
  44    0.2165        0.0012        0.0000       20.1875       20.1875      20.186337       1.03878
  43    0.2613        0.0012        0.0000       20.1827       20.1827      20.181498       0.91222
  42    0.3336        0.0012        0.0000       20.1757       20.1757      20.174476       0.81870
  41    0.4307        0.0012        0.0000       20.1678       20.1678      20.166581       0.68638
  40    0.5894        0.0012        0.0000       20.1571       20.1571      20.155887       0.56870
  39     1.339        0.0012        0.0000       20.1195       20.1195      20.118355       0.42255
  38     1.782        0.0012        0.0000       20.1017       20.1017      20.100523       0.33948
  37     2.292        0.0012        0.0000       20.0837       20.0837      20.082496       0.29857
  36     2.964        0.0012        0.0000       20.0629       20.0629      20.061746       0.26048
  35     3.853        0.0012        0.0000       20.0387       20.0387      20.037546       0.22966
  34     5.035        0.0012        0.0000       20.0099       20.0099      20.008704       0.20604
  33     6.613        0.0012        0.0000       19.9743       19.9743      19.973154       0.19005
  32     8.786        0.0012        0.0000       19.9279       19.9279      19.926751       0.18021
  31     11.80        0.0012        0.0000       19.8609       19.8609      19.859713       0.18768
  30     15.07        0.0012        0.0000       19.7861       19.7861      19.784920       0.19310
  29     18.79        0.0012        0.0000       19.6981       19.6981      19.696993       0.19936
  28     23.16        0.0011        0.0000       19.5924       19.5924      19.591272       0.20443
  27     28.12        0.0011        0.0000       19.4692       19.4692      19.468060       0.20945
  26     33.73        0.0011        0.0000       19.3318       19.3319      19.330735       0.20647
  25     40.54        0.0011        0.0001       19.1703       19.1704      19.169257       0.20033
  24     48.69        0.0011        0.0001       18.9874       18.9875      18.986368       0.18926
  23     57.69        0.0011        0.0001       18.8032       18.8032      18.802144       0.17268
  22     68.43        0.0011        0.0001       18.6047       18.6048      18.603736       0.15598
  21     81.20        0.0011        0.0001       18.3903       18.3904      18.389371       0.14165
  20     96.49        0.0011        0.0001       18.1531       18.1532      18.152129       0.13094
  19     114.6        0.0010        0.0001       17.8720       17.8722      17.871133       0.13121
  18     136.5        0.0010        0.0002       17.5464       17.5465      17.545531       0.12520
  17     162.9        0.0010        0.0002       17.1484       17.1486      17.147650       0.12718
  16     196.4        0.0009        0.0002       16.5656       16.5658      16.564883       0.14669
  15     218.7        0.0009        0.0002       16.0235       16.0238      16.022863       0.20579
  14     243.0        0.0009        0.0003       15.2654       15.2657      15.264766       0.26293
  13     269.0        0.0009        0.0003       14.2510       14.2513      14.250387       0.32906
  12     297.5        0.0009        0.0003       13.0349       13.0352      13.034303       0.36068
  11     328.5        0.0008        0.0003       11.8274       11.8277      11.826830       0.32831
  10     361.9        0.0008        0.0002       10.6546       10.6548      10.653985       0.29674
   9     398.1        0.0008        0.0002        9.4801        9.4803       9.479500       0.27363
   8     437.6        0.0008        0.0002        8.3186        8.3188       8.318019       0.24833
   7     480.5        0.0008        0.0002        7.2534        7.2537       7.252854       0.20919
   6     533.0        0.0008        0.0002        6.1288        6.1290       6.128169       0.18093
   5     589.8        0.0009        0.0002        5.0588        5.0590       5.058121       0.15883
   4     651.6        0.0010        0.0001        3.9729        3.9731       3.972060       0.14852
   3     718.7        0.0013        0.0001        2.9378        2.9379       2.936551       0.13013
   2     792.3        0.0021        0.0001        1.9615        1.9616       1.959480       0.11206
   1     891.5        0.0065        0.0000        0.9920        0.9920       0.985522       0.08288
   0    1013.0        0.0623        0.0000        0.3116        0.3117       0.249322       0.05112



 Wavenumbers:  4000. -  4650. cm-1, ATM      1
 LEVEL PRESSURE   UPWARD FLUX   DIFDOWN FLUX  DIRDOWN FLUX  DOWNWARD FLUX   NET FLUX    HEATING RATE
          mb          W/m2          W/m2          W/m2        W/m2          W/m2       degree/day
  51    .06700        2.9437        0.0000       23.7440       23.7440      20.800264       0.00000
  50    .07753        2.9437        0.0000       23.7440       23.7440      20.800263       0.00080
  49    .09103        2.9437        0.0000       23.7440       23.7440      20.800262       0.00078
  48    0.1069        2.9437        0.0000       23.7440       23.7440      20.800260       0.00076
  47    0.1255        2.9437        0.0000       23.7440       23.7440      20.800259       0.00075
  46    0.1487        2.9437        0.0000       23.7440       23.7440      20.800257       0.00076
  45    0.1794        2.9437        0.0000       23.7440       23.7440      20.800254       0.00078
  44    0.2165        2.9437        0.0000       23.7440       23.7440      20.800250       0.00076
  43    0.2613        2.9437        0.0000       23.7440       23.7440      20.800246       0.00075
  42    0.3336        2.9437        0.0000       23.7440       23.7440      20.800240       0.00077
  41    0.4307        2.9437        0.0000       23.7439       23.7439      20.800231       0.00077
  40    0.5894        2.9437        0.0000       23.7439       23.7439      20.800216       0.00080
  39     1.339        2.9437        0.0000       23.7438       23.7438      20.800127       0.00101
  38     1.782        2.9437        0.0000       23.7438       23.7438      20.800057       0.00133
  37     2.292        2.9437        0.0000       23.7437       23.7437      20.799963       0.00156
  36     2.964        2.9437        0.0000       23.7435       23.7435      20.799822       0.00176
  35     3.853        2.9437        0.0000       23.7433       23.7433      20.799614       0.00198
  34     5.035        2.9437        0.0000       23.7430       23.7430      20.799307       0.00220
  33     6.613        2.9437        0.0000       23.7425       23.7426      20.798854       0.00242
  32     8.786        2.9437        0.0000       23.7418       23.7419      20.798185       0.00260
  31     11.80        2.9437        0.0000       23.7408       23.7408      20.797131       0.00295
  30     15.07        2.9437        0.0001       23.7395       23.7396      20.795893       0.00320
  29     18.79        2.9437        0.0001       23.7380       23.7381      20.794390       0.00341
  28     23.16        2.9437        0.0001       23.7361       23.7362      20.792519       0.00362
  27     28.12        2.9437        0.0001       23.7338       23.7339      20.790245       0.00387
  26     33.73        2.9437        0.0001       23.7309       23.7311      20.787429       0.00423
  25     40.54        2.9436        0.0002       23.7271       23.7272      20.783590       0.00476
  24     48.69        2.9436        0.0002       23.7219       23.7221      20.778442       0.00533
  23     57.69        2.9437        0.0002       23.7157       23.7160      20.772298       0.00576
  22     68.43        2.9437        0.0003       23.7079       23.7082      20.764547       0.00609
  21     81.20        2.9437        0.0003       23.6983       23.6986      20.754926       0.00636
  20     96.49        2.9438        0.0004       23.6865       23.6869      20.743136       0.00651
  19     114.6        2.9439        0.0005       23.6717       23.6722      20.728288       0.00693
  18     136.5        2.9440        0.0006       23.6537       23.6543      20.710272       0.00693
  17     162.9        2.9443        0.0007       23.6317       23.6323      20.688064       0.00710
  16     196.4        2.9447        0.0008       23.6012       23.6020      20.657252       0.00776
  15     218.7        2.9452        0.0009       23.5777       23.5786      20.633387       0.00906
  14     243.0        2.9459        0.0010       23.5456       23.5466      20.600708       0.01133
  13     269.0        2.9469        0.0011       23.4995       23.5006      20.553650       0.01527
  12     297.5        2.9485        0.0012       23.4351       23.4363      20.487790       0.01953
  11     328.5        2.9507        0.0013       23.3555       23.3568      20.406130       0.02220
  10     361.9        2.9536        0.0015       23.2571       23.2586      20.304991       0.02559
   9     398.1        2.9572        0.0016       23.1295       23.1311      20.173922       0.03054
   8     437.6        2.9618        0.0017       22.9586       22.9604      19.998589       0.03749
   7     480.5        2.9675        0.0019       22.7369       22.7388      19.771327       0.04463
   6     533.0        2.9761        0.0021       22.4191       22.4211      19.445017       0.05249
   5     589.8        2.9882        0.0022       22.0335       22.0358      19.047605       0.05899
   4     651.6        3.0068        0.0024       21.5654       21.5678      18.561042       0.06654
   3     718.7        3.0362        0.0026       21.0164       21.0190      17.982818       0.07267
   2     792.3        3.0855        0.0027       20.2979       20.3006      17.215086       0.08805
   1     891.5        3.2034        0.0029       19.1088       19.1117      15.908287       0.11120
   0    1013.0        3.5281        0.0030       17.6373       17.6403      14.112240       0.12471



 Wavenumbers:  4650. -  5150. cm-1, ATM      1
 LEVEL PRESSURE   UPWARD FLUX   DIFDOWN FLUX  DIRDOWN FLUX  DOWNWARD FLUX   NET FLUX    HEATING RATE
          mb          W/m2          W/m2          W/m2        W/m2          W/m2       degree/day
  51    .06700        2.1402        0.0000       22.4748       22.4748      20.334582       0.00000
  50    .07753        2.1402        0.0000       22.4746       22.4746      20.334346       0.18925
  49    .09103        2.1402        0.0000       22.4743       22.4743      20.334050       0.18504
  48    0.1069        2.1402        0.0000       22.4739       22.4739      20.333711       0.18064
  47    0.1255        2.1402        0.0000       22.4735       22.4735      20.333322       0.17622
  46    0.1487        2.1402        0.0000       22.4730       22.4730      20.332833       0.17814
  45    0.1794        2.1402        0.0000       22.4724       22.4724      20.332169       0.18241
  44    0.2165        2.1402        0.0000       22.4716       22.4716      20.331387       0.17785
  43    0.2613        2.1402        0.0000       22.4707       22.4707      20.330468       0.17328
  42    0.3336        2.1402        0.0000       22.4692       22.4692      20.328962       0.17553
  41    0.4307        2.1402        0.0000       22.4672       22.4672      20.326994       0.17112
  40    0.5894        2.1402        0.0000       22.4641       22.4641      20.323848       0.16731
  39     1.339        2.1402        0.0000       22.4502       22.4502      20.310015       0.15574
  38     1.782        2.1402        0.0000       22.4428       22.4428      20.302643       0.14034
  37     2.292        2.1402        0.0000       22.4349       22.4350      20.294756       0.13062
  36     2.964        2.1402        0.0000       22.4255       22.4255      20.285327       0.11837
  35     3.853        2.1402        0.0000       22.4145       22.4145      20.274310       0.10455
  34     5.035        2.1402        0.0000       22.4019       22.4020      20.261759       0.08966
  33     6.613        2.1402        0.0000       22.3880       22.3881      20.247897       0.07411
  32     8.786        2.1402        0.0001       22.3731       22.3731      20.232940       0.05809
  31     11.80        2.1402        0.0001       22.3562       22.3563      20.216132       0.04706
  30     15.07        2.1402        0.0001       22.3413       22.3414      20.201199       0.03855
  29     18.79        2.1402        0.0001       22.3259       22.3260      20.185823       0.03486
  28     23.16        2.1402        0.0001       22.3082       22.3083      20.168102       0.03427
  27     28.12        2.1402        0.0002       22.2870       22.2872      20.146968       0.03593
  26     33.73        2.1402        0.0002       22.2617       22.2619      20.121637       0.03809
  25     40.54        2.1403        0.0003       22.2285       22.2287      20.088465       0.04115
  24     48.69        2.1403        0.0003       22.1852       22.1855      20.045130       0.04484
  23     57.69        2.1404        0.0004       22.1340       22.1344      19.993967       0.04796
  22     68.43        2.1406        0.0004       22.0694       22.0698      19.929260       0.05087
  21     81.20        2.1408        0.0005       21.9886       21.9891      19.848353       0.05346
  20     96.49        2.1411        0.0006       21.8895       21.8901      19.749045       0.05481
  19     114.6        2.1414        0.0007       21.7708       21.7715      19.630078       0.05555
  18     136.5        2.1420        0.0008       21.6320       21.6328      19.490837       0.05354
  17     162.9        2.1428        0.0010       21.4726       21.4735      19.330722       0.05118
  16     196.4        2.1440        0.0012       21.2786       21.2797      19.135694       0.04909
  15     218.7        2.1450        0.0013       21.1582       21.1595      19.014449       0.04603
  14     243.0        2.1464        0.0014       21.0313       21.0327      18.886317       0.04444
  13     269.0        2.1482        0.0016       20.8948       20.8963      18.748153       0.04482
  12     297.5        2.1507        0.0017       20.7434       20.7451      18.594393       0.04560
  11     328.5        2.1541        0.0019       20.5767       20.5785      18.424464       0.04620
  10     361.9        2.1584        0.0020       20.3907       20.3928      18.234380       0.04809
   9     398.1        2.1641        0.0022       20.1791       20.1813      18.017240       0.05059
   8     437.6        2.1714        0.0024       19.9341       19.9365      17.765109       0.05391
   7     480.5        2.1810        0.0026       19.6480       19.6506      17.469585       0.05804
   6     533.0        2.1956        0.0028       19.2600       19.2628      17.067170       0.06474
   5     589.8        2.2158        0.0030       18.7890       18.7920      16.576177       0.07288
   4     651.6        2.2455        0.0032       18.1977       18.2009      15.955399       0.08489
   3     718.7        2.2897        0.0034       17.4829       17.4862      15.196458       0.09538
   2     792.3        2.3582        0.0035       16.6464       16.6500      14.291795       0.10375
   1     891.5        2.5059        0.0037       15.4816       15.4853      12.979396       0.11168
   0    1013.0        2.8379        0.0038       14.1857       14.1895      11.351635       0.11302



 Wavenumbers:  5150. -  6150. cm-1, ATM      1
 LEVEL PRESSURE   UPWARD FLUX   DIFDOWN FLUX  DIRDOWN FLUX  DOWNWARD FLUX   NET FLUX    HEATING RATE
          mb          W/m2          W/m2          W/m2        W/m2          W/m2       degree/day
  51    .06700        5.1267        0.0000       56.3444       56.3444      51.217661       0.00000
  50    .07753        5.1267        0.0000       56.3444       56.3444      51.217621       0.03158
  49    .09103        5.1267        0.0000       56.3443       56.3443      51.217570       0.03207
  48    0.1069        5.1267        0.0000       56.3442       56.3442      51.217509       0.03258
  47    0.1255        5.1267        0.0000       56.3442       56.3442      51.217436       0.03309
  46    0.1487        5.1267        0.0000       56.3441       56.3441      51.217340       0.03487
  45    0.1794        5.1267        0.0000       56.3439       56.3439      51.217205       0.03712
  44    0.2165        5.1267        0.0000       56.3438       56.3438      51.217039       0.03769
  43    0.2613        5.1267        0.0000       56.3436       56.3436      51.216836       0.03829
  42    0.3336        5.1267        0.0000       56.3432       56.3432      51.216489       0.04047
  41    0.4307        5.1267        0.0000       56.3427       56.3427      51.216017       0.04105
  40    0.5894        5.1267        0.0000       56.3419       56.3420      51.215225       0.04212
  39     1.339        5.1267        0.0000       56.3381       56.3381      51.211392       0.04315
  38     1.782        5.1267        0.0000       56.3358       56.3359      51.209147       0.04274
  37     2.292        5.1267        0.0001       56.3332       56.3333      51.206594       0.04228
  36     2.964        5.1267        0.0001       56.3299       56.3300      51.203333       0.04094
  35     3.853        5.1267        0.0001       56.3257       56.3258      51.199158       0.03962
  34     5.035        5.1267        0.0001       56.3203       56.3204      51.193730       0.03877
  33     6.613        5.1266        0.0002       56.3131       56.3132      51.186602       0.03811
  32     8.786        5.1266        0.0002       56.3036       56.3038      51.177216       0.03645
  31     11.80        5.1266        0.0003       56.2905       56.2908      51.164242       0.03632
  30     15.07        5.1266        0.0004       56.2770       56.2775      51.150902       0.03444
  29     18.79        5.1265        0.0005       56.2626       56.2631      51.136588       0.03245
  28     23.16        5.1265        0.0007       56.2466       56.2472      51.120725       0.03067
  27     28.12        5.1265        0.0008       56.2292       56.2300      51.103527       0.02924
  26     33.73        5.1264        0.0009       56.2110       56.2120      51.085537       0.02705
  25     40.54        5.1264        0.0011       56.1906       56.1918      51.065325       0.02508
  24     48.69        5.1264        0.0014       56.1681       56.1695      51.043054       0.02305
  23     57.69        5.1264        0.0016       56.1451       56.1468      51.020319       0.02131
  22     68.43        5.1265        0.0019       56.1195       56.1215      50.994989       0.01991
  21     81.20        5.1265        0.0023       56.0907       56.0929      50.966403       0.01889
  20     96.49        5.1266        0.0027       56.0573       56.0600      50.933399       0.01822
  19     114.6        5.1267        0.0032       56.0182       56.0215      50.894743       0.01805
  18     136.5        5.1269        0.0038       55.9719       55.9757      50.848837       0.01765
  17     162.9        5.1271        0.0045       55.9013       55.9058      50.778733       0.02241
  16     196.4        5.1273        0.0054       55.7479       55.7533      50.625994       0.03845
  15     218.7        5.1276        0.0060       55.5243       55.5303      50.402772       0.08475
  14     243.0        5.1279        0.0066       55.1190       55.1256      49.997738       0.14048
  13     269.0        5.1284        0.0072       54.3924       54.3996      49.271239       0.23567
  12     297.5        5.1291        0.0078       53.2527       53.2605      48.131460       0.33805
  11     328.5        5.1300        0.0084       51.9857       51.9941      46.864075       0.34460
  10     361.9        5.1313        0.0090       50.6721       50.6811      45.549728       0.33254
   9     398.1        5.1331        0.0096       49.1893       49.1989      44.065770       0.34573
   8     437.6        5.1355        0.0101       47.4187       47.4288      42.293269       0.37897
   7     480.5        5.1389        0.0106       45.4500       45.4606      40.321704       0.38721
   6     533.0        5.1445        0.0112       43.0596       43.0708      37.926310       0.38534
   5     589.8        5.1534        0.0117       40.5463       40.5580      35.404629       0.37430
   4     651.6        5.1692        0.0123       37.8928       37.9051      32.735904       0.36496
   3     718.7        5.1973        0.0129       35.4719       35.4848      30.287527       0.30769
   2     792.3        5.2502        0.0136       33.4066       33.4202      28.170015       0.24285
   1     891.5        5.3947        0.0145       31.3475       31.3620      25.967289       0.18744
   0    1013.0        5.8594        0.0154       29.2817       29.2970      23.437638       0.17565



 Wavenumbers:  6150. -  7700. cm-1, ATM      1
 LEVEL PRESSURE   UPWARD FLUX   DIFDOWN FLUX  DIRDOWN FLUX  DOWNWARD FLUX   NET FLUX    HEATING RATE
          mb          W/m2          W/m2          W/m2        W/m2          W/m2       degree/day
  51    .06700        7.7944        0.0000      104.2111      104.2111      96.416726       0.00000
  50    .07753        7.7944        0.0000      104.2111      104.2111      96.416669       0.04554
  49    .09103        7.7944        0.0000      104.2110      104.2110      96.416596       0.04583
  48    0.1069        7.7944        0.0000      104.2109      104.2109      96.416509       0.04615
  47    0.1255        7.7944        0.0000      104.2108      104.2108      96.416407       0.04646
  46    0.1487        7.7944        0.0000      104.2107      104.2107      96.416274       0.04854
  45    0.1794        7.7944        0.0000      104.2105      104.2105      96.416087       0.05129
  44    0.2165        7.7944        0.0000      104.2102      104.2102      96.415859       0.05171
  43    0.2613        7.7944        0.0000      104.2099      104.2100      96.415583       0.05215
  42    0.3336        7.7944        0.0000      104.2095      104.2095      96.415113       0.05478
  41    0.4307        7.7944        0.0000      104.2088      104.2088      96.414477       0.05531
  40    0.5894        7.7943        0.0001      104.2077      104.2078      96.413415       0.05648
  39     1.339        7.7943        0.0001      104.2024      104.2026      96.408295       0.05764
  38     1.782        7.7942        0.0002      104.1993      104.1995      96.405297       0.05707
  37     2.292        7.7942        0.0003      104.1958      104.1961      96.401881       0.05659
  36     2.964        7.7941        0.0003      104.1913      104.1916      96.397494       0.05506
  35     3.853        7.7940        0.0004      104.1854      104.1859      96.391846       0.05360
  34     5.035        7.7939        0.0006      104.1778      104.1784      96.384475       0.05266
  33     6.613        7.7938        0.0008      104.1678      104.1686      96.374762       0.05193
  32     8.786        7.7936        0.0010      104.1545      104.1555      96.361905       0.04993
  31     11.80        7.7933        0.0014      104.1359      104.1373      96.343989       0.05016
  30     15.07        7.7930        0.0018      104.1166      104.1184      96.325368       0.04808
  29     18.79        7.7927        0.0022      104.0956      104.0978      96.305125       0.04590
  28     23.16        7.7923        0.0027      104.0720      104.0747      96.282379       0.04398
  27     28.12        7.7918        0.0033      104.0459      104.0492      96.257358       0.04253
  26     33.73        7.7913        0.0039      104.0181      104.0220      96.230746       0.04001
  25     40.54        7.7907        0.0047      103.9863      103.9910      96.200335       0.03773
  24     48.69        7.7899        0.0057      103.9504      103.9561      96.166116       0.03541
  23     57.69        7.7891        0.0067      103.9130      103.9197      96.130581       0.03331
  22     68.43        7.7881        0.0079      103.8705      103.8785      96.090346       0.03163
  21     81.20        7.7870        0.0094      103.8219      103.8313      96.044312       0.03042
  20     96.49        7.7856        0.0112      103.7651      103.7763      95.990727       0.02958
  19     114.6        7.7839        0.0133      103.6981      103.7114      95.927494       0.02953
  18     136.5        7.7819        0.0158      103.6182      103.6339      95.851985       0.02903
  17     162.9        7.7796        0.0187      103.5018      103.5205      95.740886       0.03551
  16     196.4        7.7766        0.0226      103.2601      103.2826      95.505988       0.05913
  15     218.7        7.7747        0.0250      102.9097      102.9347      95.159979       0.13137
  14     243.0        7.7728        0.0276      102.2732      102.3008      94.528004       0.21919
  13     269.0        7.7709        0.0301      101.2641      101.2942      93.523329       0.32591
  12     297.5        7.7693        0.0326       99.6695       99.7021      91.932809       0.47173
  11     328.5        7.7681        0.0351       97.6082       97.6434      89.875239       0.55945
  10     361.9        7.7676        0.0377       95.2483       95.2860      87.518389       0.59631
   9     398.1        7.7680        0.0402       92.6564       92.6966      84.928566       0.60337
   8     437.6        7.7701        0.0425       89.7047       89.7472      81.977088       0.63104
   7     480.5        7.7746        0.0447       86.3265       86.3712      78.596554       0.66392
   6     533.0        7.7846        0.0470       81.9787       82.0257      74.241108       0.70065
   5     589.8        7.8036        0.0489       77.1953       77.2442      69.440655       0.71254
   4     651.6        7.8416        0.0504       71.7796       71.8301      63.988492       0.74560
   3     718.7        7.9127        0.0516       66.2294       66.2810      58.368310       0.70630
   2     792.3        8.0495        0.0525       60.7106       60.7631      52.713630       0.64853
   1     891.5        8.4191        0.0534       54.2338       54.2871      45.868016       0.58253
   0    1013.0        9.6105        0.0544       47.9982       48.0526      38.442104       0.51562



 Wavenumbers:  7700. -  8050. cm-1, ATM      1
 LEVEL PRESSURE   UPWARD FLUX   DIFDOWN FLUX  DIRDOWN FLUX  DOWNWARD FLUX   NET FLUX    HEATING RATE
          mb          W/m2          W/m2          W/m2        W/m2          W/m2       degree/day
  51    .06700        4.1179        0.0000       24.6282       24.6282      20.510334       0.00000
  50    .07753        4.1179        0.0000       24.6282       24.6282      20.510313       0.01658
  49    .09103        4.1179        0.0000       24.6281       24.6281      20.510287       0.01625
  48    0.1069        4.1179        0.0000       24.6281       24.6281      20.510257       0.01590
  47    0.1255        4.1179        0.0000       24.6281       24.6281      20.510223       0.01556
  46    0.1487        4.1179        0.0000       24.6280       24.6281      20.510180       0.01579
  45    0.1794        4.1179        0.0000       24.6280       24.6280      20.510121       0.01625
  44    0.2165        4.1179        0.0000       24.6279       24.6279      20.510051       0.01594
  43    0.2613        4.1179        0.0000       24.6279       24.6279      20.509968       0.01564
  42    0.3336        4.1179        0.0000       24.6277       24.6277      20.509830       0.01601
  41    0.4307        4.1179        0.0000       24.6276       24.6276      20.509648       0.01583
  40    0.5894        4.1180        0.0000       24.6273       24.6273      20.509351       0.01582
  39     1.339        4.1182        0.0001       24.6260       24.6261      20.507943       0.01584
  38     1.782        4.1183        0.0001       24.6253       24.6254      20.507117       0.01574
  37     2.292        4.1184        0.0001       24.6244       24.6245      20.506159       0.01585
  36     2.964        4.1185        0.0001       24.6233       24.6234      20.504902       0.01578
  35     3.853        4.1188        0.0002       24.6218       24.6220      20.503241       0.01576
  34     5.035        4.1190        0.0003       24.6198       24.6201      20.501034       0.01577
  33     6.613        4.1194        0.0003       24.6172       24.6175      20.498084       0.01577
  32     8.786        4.1199        0.0004       24.6136       24.6140      20.494107       0.01544
  31     11.80        4.1206        0.0006       24.6085       24.6091      20.488417       0.01593
  30     15.07        4.1214        0.0008       24.6030       24.6037      20.482306       0.01578
  29     18.79        4.1223        0.0010       24.5968       24.5977      20.475400       0.01566
  28     23.16        4.1234        0.0012       24.5895       24.5907      20.467333       0.01560
  27     28.12        4.1246        0.0014       24.5812       24.5827      20.458107       0.01568
  26     33.73        4.1259        0.0017       24.5720       24.5737      20.447783       0.01552
  25     40.54        4.1275        0.0020       24.5608       24.5628      20.435312       0.01547
  24     48.69        4.1295        0.0025       24.5473       24.5498      20.420282       0.01555
  23     57.69        4.1317        0.0029       24.5326       24.5355      20.403782       0.01547
  22     68.43        4.1343        0.0034       24.5150       24.5185      20.384144       0.01544
  21     81.20        4.1375        0.0041       24.4941       24.4982      20.360773       0.01544
  20     96.49        4.1412        0.0049       24.4694       24.4742      20.332961       0.01535
  19     114.6        4.1458        0.0058       24.4400       24.4458      20.299994       0.01539
  18     136.5        4.1513        0.0068       24.4054       24.4123      20.260999       0.01499
  17     162.9        4.1579        0.0081       24.3644       24.3725      20.214673       0.01481
  16     196.4        4.1666        0.0098       24.3116       24.3214      20.154763       0.01508
  15     218.7        4.1724        0.0109       24.2771       24.2879      20.115493       0.01491
  14     243.0        4.1789        0.0120       24.2397       24.2517      20.072825       0.01480
  13     269.0        4.1861        0.0133       24.1993       24.2126      20.026539       0.01501
  12     297.5        4.1940        0.0147       24.1556       24.1703      19.976357       0.01488
  11     328.5        4.2027        0.0162       24.1084       24.1246      19.921900       0.01481
  10     361.9        4.2125        0.0178       24.0575       24.0754      19.862886       0.01493
   9     398.1        4.2234        0.0196       24.0026       24.0221      19.798749       0.01494
   8     437.6        4.2356        0.0214       23.9430       23.9644      19.728816       0.01495
   7     480.5        4.2493        0.0234       23.8783       23.9017      19.652405       0.01501
   6     533.0        4.2673        0.0259       23.7972       23.8231      19.555741       0.01555
   5     589.8        4.2884        0.0285       23.7068       23.7353      19.446914       0.01615
   4     651.6        4.3138        0.0313       23.6034       23.6348      19.320915       0.01723
   3     718.7        4.3452        0.0343       23.4831       23.5174      19.172201       0.01869
   2     792.3        4.3855        0.0375       23.3388       23.3764      18.990858       0.02080
   1     891.5        4.4546        0.0417       23.1128       23.1545      18.699903       0.02476
   0    1013.0        4.5675        0.0466       22.7908       22.8374      18.269898       0.02986



 Wavenumbers:  8050. - 12850. cm-1, ATM      1
 LEVEL PRESSURE   UPWARD FLUX   DIFDOWN FLUX  DIRDOWN FLUX  DOWNWARD FLUX   NET FLUX    HEATING RATE
          mb          W/m2          W/m2          W/m2        W/m2          W/m2       degree/day
  51    .06700       50.2500        0.0000      344.8128      344.8128     294.562832       0.00000
  50    .07753       50.2500        0.0000      344.8128      344.8128     294.562832       0.00000
  49    .09103       50.2500        0.0001      344.8127      344.8128     294.562832       0.00000
  48    0.1069       50.2499        0.0001      344.8127      344.8128     294.562832      -0.00000
  47    0.1255       50.2499        0.0001      344.8126      344.8127     294.562832      -0.00000
  46    0.1487       50.2499        0.0002      344.8125      344.8127     294.562832       0.00000
  45    0.1794       50.2498        0.0003      344.8124      344.8127     294.562832       0.00000
  44    0.2165       50.2498        0.0004      344.8122      344.8126     294.562832       0.00000
  43    0.2613       50.2497        0.0005      344.8121      344.8125     294.562832       0.00000
  42    0.3336       50.2496        0.0007      344.8118      344.8124     294.562832      -0.00000
  41    0.4307       50.2494        0.0009      344.8114      344.8123     294.562832       0.00000
  40    0.5894       50.2492        0.0013      344.8108      344.8120     294.562832       0.00000
  39     1.339       50.2481        0.0031      344.8078      344.8109     294.562832      -0.00000
  38     1.782       50.2474        0.0042      344.8061      344.8102     294.562832       0.00000
  37     2.292       50.2466        0.0054      344.8041      344.8095     294.562832      -0.00000
  36     2.964       50.2456        0.0070      344.8014      344.8085     294.562832       0.00000
  35     3.853       50.2443        0.0092      344.7979      344.8071     294.562832      -0.00000
  34     5.035       50.2425        0.0121      344.7933      344.8053     294.562832       0.00000
  33     6.613       50.2401        0.0159      344.7871      344.8030     294.562832      -0.00000
  32     8.786       50.2369        0.0211      344.7787      344.7998     294.562832       0.00000
  31     11.80       50.2323        0.0284      344.7667      344.7952     294.562832      -0.00000
  30     15.07       50.2274        0.0364      344.7539      344.7902     294.562832       0.00000
  29     18.79       50.2218        0.0454      344.7393      344.7847     294.562832      -0.00000
  28     23.16       50.2153        0.0559      344.7223      344.7781     294.562832       0.00000
  27     28.12       50.2078        0.0679      344.7028      344.7707     294.562832       0.00000
  26     33.73       50.1995        0.0814      344.6809      344.7623     294.562832       0.00000
  25     40.54       50.1893        0.0977      344.6545      344.7522     294.562832      -0.00000
  24     48.69       50.1771        0.1174      344.6225      344.7399     294.562832       0.00000
  23     57.69       50.1636        0.1391      344.5874      344.7265     294.562832      -0.00000
  22     68.43       50.1476        0.1649      344.5455      344.7104     294.562832       0.00000
  21     81.20       50.1284        0.1957      344.4955      344.6912     294.562832      -0.00000
  20     96.49       50.1055        0.2326      344.4358      344.6683     294.562832       0.00000
  19     114.6       50.0783        0.2764      344.3587      344.6350     294.556684       0.00287
  18     136.5       50.0460        0.3284      344.2667      344.5951     294.549028       0.00294
  17     162.9       50.0075        0.3905      344.1533      344.5437     294.536247       0.00409
  16     196.4       49.9574        0.4712      343.9892      344.4605     294.503110       0.00834
  15     218.7       49.9245        0.5244      343.8402      344.3646     294.440083       0.02393
  14     243.0       49.8891        0.5821      343.5933      344.1754     294.286352       0.05332
  13     269.0       49.8514        0.6445      343.1662      343.8107     293.959274       0.10610
  12     297.5       49.8123        0.7117      342.4819      343.1936     293.381314       0.17142
  11     328.5       49.7719        0.7841      341.5922      342.3763     292.604354       0.21125
  10     361.9       49.7313        0.8618      340.5080      341.3697     291.638392       0.24440
   9     398.1       49.6921        0.9448      339.1885      340.1333     290.441220       0.27891
   8     437.6       49.6572        1.0330      337.5272      338.5603     288.903114       0.32886
   7     480.5       49.6299        1.1263      335.4327      336.5590     286.929120       0.38769
   6     533.0       49.6156        1.2389      332.3652      333.6041     283.988413       0.47307
   5     589.8       49.6357        1.3566      328.3420      329.6986     280.062903       0.58267
   4     651.6       49.7320        1.4764      322.7671      324.2435     274.511555       0.75916
   3     718.7       49.9602        1.5973      315.5619      317.1591     267.198931       0.91899
   2     792.3       50.4469        1.7160      306.5104      308.2264     257.779528       1.08030
   1     891.5       51.7951        1.8584      292.9732      294.8316     243.036474       1.25456
   0    1013.0       55.6633        2.0093      276.3074      278.3167     222.653342       1.41531



 Wavenumbers: 12850. - 16000. cm-1, ATM      1
 LEVEL PRESSURE   UPWARD FLUX   DIFDOWN FLUX  DIRDOWN FLUX  DOWNWARD FLUX   NET FLUX    HEATING RATE
          mb          W/m2          W/m2          W/m2        W/m2          W/m2       degree/day
  51    .06700       39.5047        0.0000      216.0557      216.0557     176.550985       0.00000
  50    .07753       39.5047        0.0001      216.0548      216.0549     176.550200       0.62918
  49    .09103       39.5047        0.0001      216.0538      216.0539     176.549211       0.61862
  48    0.1069       39.5046        0.0002      216.0525      216.0527     176.548068       0.60804
  47    0.1255       39.5046        0.0003      216.0510      216.0514     176.546750       0.59787
  46    0.1487       39.5046        0.0004      216.0492      216.0497     176.545076       0.61007
  45    0.1794       39.5045        0.0006      216.0467      216.0473     176.542781       0.62997
  44    0.2165       39.5045        0.0008      216.0438      216.0446     176.540056       0.61994
  43    0.2613       39.5045        0.0010      216.0403      216.0413     176.536817       0.61050
  42    0.3336       39.5044        0.0014      216.0345      216.0359     176.531453       0.62535
  41    0.4307       39.5044        0.0019      216.0269      216.0288     176.524378       0.61515
  40    0.5894       39.5045        0.0028      216.0146      216.0174     176.512898       0.61053
  39     1.339       39.5064        0.0068      215.9584      215.9651     176.458696       0.61022
  38     1.782       39.5086        0.0091      215.9258      215.9349     176.426299       0.61677
  37     2.292       39.5122        0.0118      215.8879      215.8997     176.387499       0.64263
  36     2.964       39.5185        0.0153      215.8370      215.8524     176.333851       0.67344
  35     3.853       39.5290        0.0200      215.7678      215.7879     176.258817       0.71209
  34     5.035       39.5452        0.0262      215.6752      215.7015     176.156230       0.73284
  33     6.613       39.5680        0.0345      215.5548      215.5893     176.021339       0.72113
  32     8.786       39.5974        0.0457      215.4027      215.4484     175.850939       0.66177
  31     11.80       39.6352        0.0617      215.2043      215.2660     175.630757       0.61644
  30     15.07       39.6707        0.0789      215.0098      215.0887     175.417968       0.54938
  29     18.79       39.7062        0.0982      214.8056      214.9038     175.197579       0.49969
  28     23.16       39.7425        0.1209      214.5841      214.7050     174.962482       0.45460
  27     28.12       39.7778        0.1467      214.3504      214.4971     174.719318       0.41336
  26     33.73       39.8085        0.1757      214.1164      214.2921     174.483599       0.35441
  25     40.54       39.8354        0.2106      213.8655      214.0761     174.240780       0.30124
  24     48.69       39.8579        0.2528      213.5943      213.8471     173.989206       0.26034
  23     57.69       39.8731        0.2992      213.3269      213.6261     173.753015       0.22139
  22     68.43       39.8808        0.3545      213.0419      213.3964     173.515604       0.18664
  21     81.20       39.8758        0.4205      212.7488      213.1693     173.293479       0.14678
  20     96.49       39.8567        0.4992      212.4447      212.9439     173.087197       0.11385
  19     114.6       39.8332        0.5933      212.1101      212.7034     172.870209       0.10132
  18     136.5       39.7996        0.7049      211.7382      212.4432     172.643586       0.08714
  17     162.9       39.7541        0.8379      211.3198      212.1577     172.403541       0.07673
  16     196.4       39.6838        1.0104      210.8156      211.8260     172.142103       0.06581
  15     218.7       39.6336        1.1237      210.4965      211.6202     171.986603       0.05904
  14     243.0       39.5771        1.2470      210.1519      211.3989     171.821756       0.05717
  13     269.0       39.5143        1.3805      209.7781      211.1586     171.644333       0.05756
  12     297.5       39.4451        1.5249      209.3683      210.8932     171.448199       0.05817
  11     328.5       39.3700        1.6809      208.9170      210.5979     171.227887       0.05990
  10     361.9       39.2895        1.8489      208.4189      210.2678     170.978270       0.06316
   9     398.1       39.2038        2.0296      207.8679      209.8975     170.693665       0.06631
   8     437.6       39.1142        2.2235      207.2544      209.4779     170.363762       0.07054
   7     480.5       39.0216        2.4313      206.5713      209.0025     169.980907       0.07519
   6     533.0       38.9150        2.6864      205.6883      208.3748     169.459785       0.08383
   5     589.8       38.8141        2.9605      204.6670      207.6275     168.813362       0.09595
   4     651.6       38.7355        3.2528      203.4324      206.6852     167.949687       0.11811
   3     718.7       38.6908        3.5621      201.9561      205.5182     166.827462       0.14103
   2     792.3       38.7175        3.8854      200.1346      204.0200     165.302515       0.17489
   1     891.5       38.9376        4.3051      197.2502      201.5553     162.617726       0.22846
   0    1013.0       39.6131        4.7851      193.2807      198.0657     158.452590       0.28921



 Wavenumbers: 16000. - 22650. cm-1, ATM      1
 LEVEL PRESSURE   UPWARD FLUX   DIFDOWN FLUX  DIRDOWN FLUX  DOWNWARD FLUX   NET FLUX    HEATING RATE
          mb          W/m2          W/m2          W/m2        W/m2          W/m2       degree/day
  51    .06700       75.6195        0.0000      344.4769      344.4769     268.857386       0.00000
  50    .07753       75.6194        0.0003      344.4763      344.4767     268.857269       0.09385
  49    .09103       75.6193        0.0007      344.4756      344.4764     268.857098       0.10644
  48    0.1069       75.6191        0.0012      344.4748      344.4760     268.856870       0.12138
  47    0.1255       75.6189        0.0017      344.4737      344.4755     268.856565       0.13835
  46    0.1487       75.6187        0.0024      344.4724      344.4748     268.856115       0.16395
  45    0.1794       75.6184        0.0034      344.4705      344.4739     268.855412       0.19304
  44    0.2165       75.6182        0.0045      344.4682      344.4726     268.854458       0.21695
  43    0.2613       75.6179        0.0058      344.4653      344.4711     268.853164       0.24391
  42    0.3336       75.6176        0.0080      344.4603      344.4683     268.850704       0.28683
  41    0.4307       75.6172        0.0108      344.4534      344.4642     268.846996       0.32243
  40    0.5894       75.6170        0.0155      344.4414      344.4569     268.839924       0.37610
  39     1.339       75.6212        0.0377      344.3711      344.4088     268.787669       0.58829
  38     1.782       75.6276        0.0508      344.3200      344.3708     268.743153       0.84753
  37     2.292       75.6389        0.0659      344.2517      344.3176     268.678711       1.06733
  36     2.964       75.6594        0.0857      344.1480      344.2337     268.574306       1.31060
  35     3.853       75.6946        0.1119      343.9913      344.1032     268.408620       1.57239
  34     5.035       75.7493        0.1467      343.7640      343.9107     268.161384       1.76615
  33     6.613       75.8264        0.1930      343.4511      343.6441     267.817709       1.83729
  32     8.786       75.9261        0.2555      343.0410      343.2965     267.370357       1.73735
  31     11.80       76.0530        0.3447      342.4947      342.8394     266.786420       1.63484
  30     15.07       76.1707        0.4404      341.9547      342.3951     266.224418       1.45098
  29     18.79       76.2871        0.5484      341.3868      341.9352     265.648139       1.30660
  28     23.16       76.4039        0.6744      340.7717      341.4462     265.042315       1.17147
  27     28.12       76.5149        0.8184      340.1241      340.9425     264.427590       1.04499
  26     33.73       76.6072        0.9795      339.4775      340.4570     263.849884       0.86860
  25     40.54       76.6814        1.1741      338.7859      339.9600     263.278614       0.70873
  24     48.69       76.7347        1.4085      338.0389      339.4474     262.712752       0.58558
  23     57.69       76.7581        1.6660      337.3015      338.9675     262.209384       0.47183
  22     68.43       76.7481        1.9725      336.5123      338.4848     261.736615       0.37166
  21     81.20       76.6845        2.3377      335.6921      338.0298     261.345326       0.25856
  20     96.49       76.5604        2.7729      334.8256      337.5985     261.038106       0.16956
  19     114.6       76.3873        3.2886      333.8560      337.1446     260.757354       0.13109
  18     136.5       76.1638        3.8982      332.7466      336.6448     260.481009       0.10626
  17     162.9       75.8803        4.6218      331.4625      336.0843     260.204015       0.08854
  16     196.4       75.4764        5.5569      329.8743      335.4311     259.954700       0.06276
  15     218.7       75.1971        6.1688      328.8601      335.0289     259.831787       0.04667
  14     243.0       74.8858        6.8319      327.7715      334.6034     259.717543       0.03962
  13     269.0       74.5403        7.5481      326.6061      334.1542     259.613872       0.03363
  12     297.5       74.1585        8.3192      325.3603      333.6796     259.521044       0.02753
  11     328.5       73.7399        9.1493      324.0212      333.1704     259.430521       0.02461
  10     361.9       73.2826       10.0391      322.5859      332.6250     259.342373       0.02230
   9     398.1       72.7836       10.9924      321.0470      332.0394     259.255815       0.02017
   8     437.6       72.2407       12.0111      319.3978      331.4089     259.168210       0.01873
   7     480.5       71.6510       13.0971      317.6330      330.7302     259.079206       0.01748
   6     533.0       70.9149       14.4260      315.4613      329.8873     258.972324       0.01719
   5     589.8       70.1106       15.8484      313.1151      328.9635     258.852853       0.01773
   4     651.6       69.2357       17.3661      310.5763      327.9424     258.706618       0.02000
   3     718.7       68.2871       18.9809      307.8270      326.8079     258.520752       0.02336
   2     792.3       67.2670       20.6911      304.8404      325.5315     258.264459       0.02939
   1     891.5       65.8943       22.9654      300.7148      323.6802     257.785877       0.04073
   0    1013.0       64.2547       25.6422      295.6311      321.2733     257.018635       0.05327



 Wavenumbers: 22650. - 29000. cm-1, ATM      1
 LEVEL PRESSURE   UPWARD FLUX   DIFDOWN FLUX  DIRDOWN FLUX  DOWNWARD FLUX   NET FLUX    HEATING RATE
          mb          W/m2          W/m2          W/m2        W/m2          W/m2       degree/day
  51    .06700       38.7074        0.0000      129.9930      129.9930      91.285639       0.00000
  50    .07753       38.7073        0.0004      129.9925      129.9929      91.285639       0.00000
  49    .09103       38.7071        0.0009      129.9918      129.9927      91.285639       0.00000
  48    0.1069       38.7069        0.0015      129.9910      129.9925      91.285639      -0.00000
  47    0.1255       38.7066        0.0022      129.9901      129.9922      91.285639       0.00000
  46    0.1487       38.7063        0.0030      129.9889      129.9919      91.285639       0.00000
  45    0.1794       38.7059        0.0042      129.9874      129.9915      91.285639      -0.00000
  44    0.2165       38.7054        0.0055      129.9855      129.9910      91.285639       0.00000
  43    0.2613       38.7048        0.0071      129.9833      129.9904      91.285639       0.00000
  42    0.3336       38.7038        0.0098      129.9796      129.9894      91.285639       0.00000
  41    0.4307       38.7024        0.0133      129.9747      129.9881      91.285639      -0.00000
  40    0.5894       38.7003        0.0191      129.9668      129.9859      91.285639       0.00000
  39     1.339       38.6901        0.0465      129.9292      129.9757      91.285639      -0.00000
  38     1.782       38.6841        0.0626      129.9071      129.9698      91.285639       0.00000
  37     2.292       38.6772        0.0813      129.8815      129.9628      91.285639       0.00000
  36     2.964       38.6681        0.1057      129.8480      129.9537      91.285639       0.00000
  35     3.853       38.6560        0.1380      129.8036      129.9417      91.285639       0.00000
  34     5.035       38.6400        0.1809      129.7447      129.9256      91.285639      -0.00000
  33     6.613       38.6186        0.2382      129.6660      129.9042      91.285639       0.00000
  32     8.786       38.5897        0.3154      129.5599      129.8753      91.285639       0.00000
  31     11.80       38.5482        0.4257      129.4082      129.8339      91.285639       0.00000
  30     15.07       38.5036        0.5440      129.2453      129.7892      91.285639       0.00000
  29     18.79       38.4531        0.6774      129.0613      129.7387      91.285639       0.00000
  28     23.16       38.3939        0.8330      128.8465      129.6796      91.285639      -0.00000
  27     28.12       38.3260        1.0106      128.6010      129.6117      91.285639      -0.00000
  26     33.73       38.2498        1.2089      128.3266      129.5355      91.285639       0.00000
  25     40.54       38.1574        1.4478      127.9953      129.4430      91.285639       0.00000
  24     48.69       38.0455        1.7346      127.5965      129.3311      91.285639       0.00000
  23     57.69       37.9219        2.0483      127.1593      129.2076      91.285639       0.00000
  22     68.43       37.7740        2.4200      126.6397      129.0596      91.285639       0.00000
  21     81.20       37.5966        2.8598      126.0224      128.8823      91.285639      -0.00000
  20     96.49       37.3837        3.3798      125.2896      128.6694      91.285639       0.00000
  19     114.6       37.1288        3.9911      124.4234      128.4145      91.285639       0.00000
  18     136.5       36.8238        4.7070      123.4024      128.1094      91.285639      -0.00000
  17     162.9       36.4564        5.5473      122.1947      127.7420      91.285639       0.00000
  16     196.4       35.9734        6.6171      120.6419      127.2590      91.285639       0.00000
  15     218.7       35.6521        7.3075      119.6303      126.9378      91.285639       0.00000
  14     243.0       35.2992        8.0470      118.5379      126.5849      91.285639       0.00000
  13     269.0       34.9125        8.8358      117.3624      126.1981      91.285639       0.00000
  12     297.5       34.4894        9.6733      116.1018      125.7751      91.285639       0.00000
  11     328.5       34.0262       10.5613      114.7505      125.3119      91.285639      -0.00000
  10     361.9       33.5204       11.4978      113.3083      124.8061      91.285639       0.00000
   9     398.1       32.9678       12.4829      111.7705      124.2534      91.285639       0.00000
   8     437.6       32.3647       13.5150      110.1353      123.6503      91.285639      -0.00000
   7     480.5       31.7070       14.5916      108.4010      122.9926      91.285639       0.00000
   6     533.0       30.8811       15.8751      106.2917      122.1668      91.285639       0.00000
   5     589.8       29.9704       17.2077      104.0483      121.2560      91.285639       0.00000
   4     651.6       28.9667       18.5824      101.6700      120.2523      91.285639       0.00000
   3     718.7       27.8608       19.9907       99.1558      119.1465      91.285639       0.00000
   2     792.3       26.6439       21.4212       96.5083      117.9295      91.285639       0.00000
   1     891.5       24.9459       23.2252       93.0064      116.2316      91.285639       0.00000
   0    1013.0       22.8214       25.1988       88.9082      114.1070      91.285639       0.00000



 Wavenumbers: 29000. - 38000. cm-1, ATM      1
 LEVEL PRESSURE   UPWARD FLUX   DIFDOWN FLUX  DIRDOWN FLUX  DOWNWARD FLUX   NET FLUX    HEATING RATE
          mb          W/m2          W/m2          W/m2        W/m2          W/m2       degree/day
  51    .06700        8.2155        0.0000       45.8410       45.8410      37.625427       0.00000
  50    .07753        8.2153        0.0003       45.8366       45.8370      37.621613       3.05697
  49    .09103        8.2151        0.0007       45.8305       45.8312      37.616062       3.46997
  48    0.1069        8.2149        0.0012       45.8223       45.8235      37.608623       3.95937
  47    0.1255        8.2146        0.0017       45.8116       45.8133      37.598665       4.51461
  46    0.1487        8.2143        0.0024       45.7959       45.7983      37.583991       5.34898
  45    0.1794        8.2138        0.0033       45.7716       45.7749      37.561076       6.29071
  44    0.2165        8.2134        0.0043       45.7391       45.7434      37.530067       7.05388
  43    0.2613        8.2128        0.0056       45.6954       45.7010      37.488150       7.90131
  42    0.3336        8.2120        0.0076       45.6134       45.6210      37.409017       9.22603
  41    0.4307        8.2111        0.0103       45.4920       45.5023      37.291261      10.23865
  40    0.5894        8.2098        0.0147       45.2670       45.2817      37.071917      11.66442
  39     1.339        8.2081        0.0336       43.8242       43.8577      35.649680      16.01181
  38     1.782        8.2100        0.0434       42.8351       42.8785      34.668523      18.67964
  37     2.292        8.2146        0.0540       41.6852       41.7392      33.524567      18.94690
  36     2.964        8.2245        0.0670       40.2943       40.3613      32.136729      17.42155
  35     3.853        8.2428        0.0833       38.7687       38.8519      30.609096      14.49752
  34     5.035        8.2724        0.1040       37.2304       37.3344      29.062028      11.05162
  33     6.613        8.3152        0.1308       35.7405       35.8713      27.556150       8.05043
  32     8.786        8.3720        0.1660       34.3295       34.4955      26.123467       5.56402
  31     11.80        8.4473        0.2153       32.9481       33.1633      24.716061       3.94029
  30     15.07        8.5211        0.2671       31.8942       32.1614      23.640253       2.77753
  29     18.79        8.5987        0.3244       30.9854       31.3099      22.711139       2.10659
  28     23.16        8.6829        0.3902       30.1559       30.5461      21.863183       1.63967
  27     28.12        8.7712        0.4644       29.4043       29.8687      21.097513       1.30159
  26     33.73        8.8548        0.5471       28.7514       29.2985      20.443755       0.98294
  25     40.54        8.9362        0.6467       28.1328       28.7795      19.843272       0.74497
  24     48.69        9.0151        0.7660       27.5340       28.3001      19.284908       0.57782
  23     57.69        9.0817        0.8964       26.9971       27.8935      18.811818       0.44345
  22     68.43        9.1367        1.0510       26.4694       27.5204      18.383666       0.33659
  21     81.20        9.1639        1.2360       25.9669       27.2029      18.039063       0.22771
  20     96.49        9.1575        1.4566       25.4748       26.9314      17.773883       0.14636
  19     114.6        9.1295        1.7141       24.9506       26.6648      17.535243       0.11143
  18     136.5        9.0826        2.0111       24.3745       26.3856      17.303032       0.08929
  17     162.9        9.0137        2.3542       23.7328       26.0870      17.073312       0.07343
  16     196.4        8.8937        2.7874       22.9761       25.7634      16.869779       0.05123
  15     218.7        8.8022        3.0619       22.5089       25.5707      16.768592       0.03842
  14     243.0        8.6960        3.3514       22.0192       25.3705      16.674587       0.03260
  13     269.0        8.5733        3.6553       21.5077       25.1630      16.589711       0.02753
  12     297.5        8.4327        3.9723       20.9749       24.9472      16.514563       0.02229
  11     328.5        8.2748        4.3007       20.4165       24.7171      16.442367       0.01963
  10     361.9        8.0983        4.6380       19.8338       24.4718      16.373569       0.01741
   9     398.1        7.9012        4.9828       19.2267       24.2095      16.308322       0.01520
   8     437.6        7.6822        5.3322       18.5955       23.9277      16.245489       0.01343
   7     480.5        7.4392        5.6833       17.9419       23.6252      16.186058       0.01167
   6     533.0        7.1289        6.0836       17.1671       23.2507      16.121789       0.01034
   5     589.8        6.7815        6.4752       16.3664       22.8416      16.060092       0.00916
   4     651.6        6.3935        6.8522       15.5420       22.3942      16.000700       0.00812
   3     718.7        5.9608        7.2073       14.6973       21.9045      15.943709       0.00716
   2     792.3        5.4790        7.5308       13.8375       21.3683      15.889238       0.00625
   1     891.5        4.7996        7.8806       12.7437       20.6243      15.824672       0.00549
   0    1013.0        3.9394        8.1686       11.5285       19.6971      15.757644       0.00465



 Wavenumbers: 38000. - 50000. cm-1, ATM      1
 LEVEL PRESSURE   UPWARD FLUX   DIFDOWN FLUX  DIRDOWN FLUX  DOWNWARD FLUX   NET FLUX    HEATING RATE
          mb          W/m2          W/m2          W/m2        W/m2          W/m2       degree/day
  51    .06700        0.0077        0.0000        2.8274        2.8274       2.819732       0.00000
  50    .07753        0.0076        0.0001        2.8250        2.8250       2.817394       1.87426
  49    .09103        0.0076        0.0002        2.8215        2.8216       2.814052       2.08853
  48    0.1069        0.0075        0.0003        2.8169        2.8172       2.809652       2.34203
  47    0.1255        0.0074        0.0004        2.8109        2.8113       2.803854       2.62885
  46    0.1487        0.0073        0.0005        2.8022        2.8027       2.795433       3.06948
  45    0.1794        0.0072        0.0007        2.7889        2.7896       2.782446       3.56531
  44    0.2165        0.0070        0.0009        2.7712        2.7721       2.765088       3.94851
  43    0.2613        0.0068        0.0012        2.7476        2.7487       2.741916       4.36792
  42    0.3336        0.0065        0.0015        2.7038        2.7053       2.698800       5.02689
  41    0.4307        0.0062        0.0020        2.6399        2.6419       2.635738       5.48307
  40    0.5894        0.0056        0.0027        2.5241        2.5268       2.521231       6.08937
  39     1.339        0.0038        0.0042        1.8543        1.8585       1.854685       7.50409
  38     1.782        0.0031        0.0041        1.4655        1.4696       1.466513       7.39018
  37     2.292        0.0024        0.0036        1.0872        1.0908       1.088339       6.26353
  36     2.964        0.0019        0.0030        0.7358        0.7388       0.736859       4.41214
  35     3.853        0.0015        0.0024        0.4711        0.4735       0.472010       2.51347
  34     5.035        0.0012        0.0019        0.2988        0.3008       0.299620       1.23148
  33     6.613        0.0009        0.0016        0.1889        0.1905       0.189608       0.58813
  32     8.786        0.0007        0.0013        0.1196        0.1208       0.120133       0.26981
  31     11.80        0.0005        0.0010        0.0741        0.0751       0.074563       0.12758
  30     15.07        0.0004        0.0008        0.0493        0.0501       0.049700       0.06419
  29     18.79        0.0003        0.0006        0.0330        0.0336       0.033348       0.03707
  28     23.16        0.0002        0.0004        0.0217        0.0221       0.021940       0.02206
  27     28.12        0.0001        0.0003        0.0140        0.0144       0.014212       0.01314
  26     33.73        0.0001        0.0002        0.0091        0.0093       0.009223       0.00750
  25     40.54        0.0001        0.0002        0.0057        0.0059       0.005793       0.00426
  24     48.69        0.0000        0.0001        0.0034        0.0035       0.003483       0.00239
  23     57.69        0.0000        0.0001        0.0020        0.0021       0.002088       0.00131
  22     68.43        0.0000        0.0000        0.0012        0.0012       0.001190       0.00071
  21     81.20        0.0000        0.0000        0.0006        0.0007       0.000647       0.00036
  20     96.49        0.0000        0.0000        0.0003        0.0003       0.000330       0.00018
  19     114.6        0.0000        0.0000        0.0001        0.0002       0.000151       0.00008
  18     136.5        0.0000        0.0000        0.0001        0.0001       0.000060       0.00003
  17     162.9        0.0000        0.0000        0.0000        0.0000       0.000020       0.00001
  16     196.4        0.0000        0.0000        0.0000        0.0000       0.000005       0.00000
  15     218.7        0.0000        0.0000        0.0000        0.0000       0.000002       0.00000
  14     243.0        0.0000        0.0000        0.0000        0.0000       0.000001       0.00000
  13     269.0        0.0000        0.0000        0.0000        0.0000       0.000000       0.00000
  12     297.5        0.0000        0.0000        0.0000        0.0000       0.000000       0.00000
  11     328.5        0.0000        0.0000        0.0000        0.0000       0.000000       0.00000
  10     361.9        0.0000        0.0000        0.0000        0.0000       0.000000       0.00000
   9     398.1        0.0000        0.0000        0.0000        0.0000       0.000000       0.00000
   8     437.6        0.0000        0.0000        0.0000        0.0000       0.000000       0.00000
   7     480.5        0.0000        0.0000        0.0000        0.0000       0.000000       0.00000
   6     533.0        0.0000        0.0000        0.0000        0.0000       0.000000       0.00000
   5     589.8        0.0000        0.0000        0.0000        0.0000       0.000000       0.00000
   4     651.6        0.0000        0.0000        0.0000        0.0000       0.000000       0.00000
   3     718.7        0.0000        0.0000        0.0000        0.0000       0.000000       0.00000
   2     792.3        0.0000        0.0000        0.0000        0.0000       0.000000       0.00000
   1     891.5        0.0000        0.0000        0.0000        0.0000       0.000000       0.00000
   0    1013.0        0.0000        0.0000        0.0000        0.0000       0.000000       0.00000



 Wavenumbers:   820. -  2600. cm-1, ATM      1
 LEVEL PRESSURE   UPWARD FLUX   DIFDOWN FLUX  DIRDOWN FLUX  DOWNWARD FLUX   NET FLUX    HEATING RATE
          mb          W/m2          W/m2          W/m2        W/m2          W/m2       degree/day
  51    .06700        0.5828        0.0000       13.2264       13.2264      12.643551       0.00000
  50    .07753        0.5828        0.0000       13.2194       13.2194      12.636529       5.62796
  49    .09103        0.5828        0.0000       13.2178       13.2178      12.634955       0.98411
  48    0.1069        0.5828        0.0000       13.2167       13.2167      12.633829       0.59957
  47    0.1255        0.5828        0.0000       13.2154       13.2154      12.632538       0.58516
  46    0.1487        0.5828        0.0000       13.2137       13.2137      12.630881       0.60402
  45    0.1794        0.5828        0.0000       13.2114       13.2114      12.628622       0.62013
  44    0.2165        0.5828        0.0000       13.2088       13.2088      12.626004       0.59557
  43    0.2613        0.5828        0.0000       13.2059       13.2059      12.623023       0.56189
  42    0.3336        0.5828        0.0000       13.2013       13.2013      12.618459       0.53211
  41    0.4307        0.5828        0.0000       13.1959       13.1959      12.613088       0.46697
  40    0.5894        0.5828        0.0000       13.1882       13.1882      12.605397       0.40903
  39     1.339        0.5828        0.0000       13.1557       13.1557      12.572860       0.36631
  38     1.782        0.5828        0.0000       13.1371       13.1371      12.554272       0.35388
  37     2.292        0.5828        0.0000       13.1162       13.1162      12.533325       0.34694
  36     2.964        0.5828        0.0000       13.0894       13.0894      12.506569       0.33586
  35     3.853        0.5828        0.0000       13.0549       13.0549      12.472066       0.32744
  34     5.035        0.5828        0.0000       13.0106       13.0106      12.427760       0.31651
  33     6.613        0.5828        0.0000       12.9545       12.9545      12.371640       0.30002
  32     8.786        0.5828        0.0000       12.8834       12.8834      12.300508       0.27625
  31     11.80        0.5829        0.0000       12.7885       12.7885      12.205601       0.26571
  30     15.07        0.5829        0.0000       12.6943       12.6944      12.111489       0.24298
  29     18.79        0.5829        0.0000       12.5999       12.5999      12.017024       0.21418
  28     23.16        0.5829        0.0000       12.5086       12.5086      11.925745       0.17650
  27     28.12        0.5829        0.0000       12.4288       12.4289      11.845959       0.13563
  26     33.73        0.5829        0.0000       12.3650       12.3650      11.782106       0.09600
  25     40.54        0.5829        0.0000       12.3120       12.3120      11.729074       0.06579
  24     48.69        0.5829        0.0000       12.2668       12.2668      11.683907       0.04674
  23     57.69        0.5830        0.0000       12.2260       12.2260      11.643041       0.03831
  22     68.43        0.5830        0.0000       12.1803       12.1803      11.597278       0.03598
  21     81.20        0.5830        0.0000       12.1270       12.1270      11.544008       0.03520
  20     96.49        0.5831        0.0000       12.0640       12.0640      11.480918       0.03482
  19     114.6        0.5831        0.0000       11.9885       11.9886      11.405449       0.03524
  18     136.5        0.5832        0.0000       11.8987       11.8988      11.315602       0.03455
  17     162.9        0.5832        0.0000       11.7817       11.7818      11.198510       0.03743
  16     196.4        0.5834        0.0000       11.5930       11.5930      11.009615       0.04755
  15     218.7        0.5835        0.0000       11.4055       11.4056      10.822036       0.07122
  14     243.0        0.5838        0.0000       11.1045       11.1045      10.520761       0.10449
  13     269.0        0.5841        0.0000       10.6901       10.6901      10.106013       0.13454
  12     297.5        0.5847        0.0000       10.2200       10.2201       9.635405       0.13958
  11     328.5        0.5854        0.0000        9.8187        9.8187       9.233326       0.10932
  10     361.9        0.5864        0.0000        9.4313        9.4313       8.844929       0.09827
   9     398.1        0.5877        0.0000        8.9858        8.9858       8.398062       0.10411
   8     437.6        0.5894        0.0000        8.4654        8.4654       7.876005       0.11162
   7     480.5        0.5916        0.0000        7.9394        7.9395       7.347933       0.10371
   6     533.0        0.5948        0.0000        7.4262        7.4262       6.831405       0.08309
   5     589.8        0.5996        0.0000        7.0503        7.0503       6.450748       0.05650
   4     651.6        0.6081        0.0000        6.7312        6.7313       6.123202       0.04479
   3     718.7        0.6226        0.0000        6.3693        6.3693       5.746748       0.04731
   2     792.3        0.6490        0.0000        5.9171        5.9172       5.268135       0.05489
   1     891.5        0.7170        0.0000        5.2716        5.2716       4.554658       0.06071
   0    1013.0        0.9027        0.0000        4.5136        4.5136       3.610905       0.06553

  Modules and versions used in this calculation:

       rrtmg_sw.1col.f90:  $Revision: 33222 $            rrtmg_sw_init.f90:  $Revision: 33222 $
     rrtmgsw_cldprop.f90:  $Revision: 33222 $          rrtmgsw_cldprmc.f90:  NOT USED          
     rrtmg_sw_reftra.f90:  $Revision: 33222 $          rrtmg_sw_spcvrt.f90:  NOT USED          
     rrtmg_sw_spcvmc.f90:  NOT USED                    rrtmgsw_setcoef.f90:  NOT USED          
     rrtmg_sw_taumol.f90:  $Revision: 33222 $          rrtmg_sw_vrtqdr.f90:  NOT USED          
                rrtatm.f:  NOT USED                             util_xxx.f:  NOT USED          
                 extra.f:  NOT USED                       rrtmg_sw_k_g.f90:  $Revision: 33222 $

