

 Wavenumbers:   820. - 50000. cm-1, ATM      1
 LEVEL PRESSURE   UPWARD FLUX   DIFDOWN FLUX  DIRDOWN FLUX  DOWNWARD FLUX   NET FLUX    HEATING RATE
          mb          W/m2          W/m2          W/m2        W/m2          W/m2       degree/day
  47   .000061      175.3837        0.0000      962.8676      962.8676     787.483920       0.00000
  46   .000117      175.3837        0.0000      962.8675      962.8675     787.483824      14.41665
  45   .000258      175.3837        0.0000      962.8671      962.8671     787.483448      22.53151
  44   .000625      175.3836        0.0001      962.8660      962.8661     787.482456      22.82114
  43   .001640      175.3836        0.0002      962.8637      962.8638     787.480256      18.28625
  42   .004480      175.3834        0.0005      962.8580      962.8584     787.475025      15.54415
  41    .01200      175.3830        0.0013      962.8481      962.8493     787.466367       9.71705
  40    .03000      175.3819        0.0031      962.8329      962.8360     787.454106       5.74836
  39    .06700      175.3797        0.0070      962.8012      962.8082     787.428474       5.84611
  38    0.1390      175.3757        0.0144      962.7148      962.7292     787.353466       8.79173
  37    0.2720      175.3691        0.0281      962.4843      962.5125     787.143392      13.32967
  36    0.5150      175.3587        0.0527      961.9469      961.9996     786.640857      17.45253
  35    0.9510      175.3442        0.0953      960.7529      960.8482     785.504041      22.00404
  34     1.290      175.3364        0.1270      959.7349      959.8619     784.525501      24.36001
  33     1.760      175.3302        0.1691      958.3571      958.5262     783.195957      23.87279
  32     2.410      175.3304        0.2263      956.6386      956.8649     781.534534      21.57076
  31     3.330      175.3457        0.3058      954.7036      955.0094     779.663684      17.16128
  30     4.640      175.3870        0.4176      952.6297      953.0474     777.660322      12.90585
  29     6.520      175.4603        0.5767      950.4084      950.9851     775.524817       9.58608
  28     9.300      175.5606        0.8060      948.0225      948.8284     773.267862       6.85136
  27     13.20      175.6740        1.1375      945.3990      946.5365     770.862502       5.20492
  26     19.07      175.7885        1.6187      942.3772      943.9958     768.207346       3.81725
  25     27.70      175.8765        2.3212      938.8151      941.1363     765.259789       2.88237
  24     32.20      175.8842        2.6856      937.2413      939.9270     764.042776       2.28234
  23     37.60      175.8587        3.1109      935.5928      938.7036     762.844973       1.87193
  22     43.70      175.7971        3.6064      933.8360      937.4424     761.645342       1.65965
  21     51.00      175.6904        4.1838      931.9551      936.1390     760.448536       1.38356
  20     59.50      175.5286        4.8573      929.9247      934.7820     759.253405       1.18658
  19     69.50      175.2928        5.6430      927.7379      933.3809     758.088107       0.98341
  18     81.20      174.9540        6.5610      925.4044      931.9653     757.011363       0.77665
  17     95.00      174.4988        7.6323      922.8718      930.5041     756.005324       0.61523
  16     111.0      173.9378        8.8761      920.0199      928.8961     754.958285       0.55226
  15     130.0      173.2605       10.3028      916.7898      927.0927     753.832165       0.50018
  14     153.0      172.4480       11.9584      913.0816      925.0400     752.591977       0.45505
  13     179.0      171.4653       13.8665      908.8002      922.6666     751.201340       0.45138
  12     209.0      170.3001       16.0171      903.6142      919.6312     749.331175       0.52609
  11     243.0      168.9612       18.3920      896.7751      915.1671     746.205922       0.77572
  10     281.0      167.4364       20.9959      887.2907      908.2866     740.850256       1.18940
   9     324.0      165.7146       23.8307      875.5052      899.3358     733.621255       1.41876
   8     372.0      163.7847       26.8949      862.3522      889.2471     725.462407       1.43445
   7     426.0      161.6351       30.1829      847.1472      877.3301     715.695025       1.52645
   6     487.0      159.2555       33.6868      829.6736      863.3603     704.104778       1.60347
   5     554.0      156.6441       37.3928      810.2071      847.6000     690.955889       1.65620
   4     628.0      153.8392       41.2729      787.7857      829.0586     675.219373       1.79463
   3     710.0      150.9346       45.2886      762.1810      807.4695     656.534889       1.92294
   2     802.0      148.1465       49.3982      733.7540      783.1522     635.005686       1.97487
   1     902.0      145.9647       53.5528      702.8753      756.4282     610.463447       2.07116
   0    1013.0      145.6611       57.7031      670.6026      728.3057     582.644572       2.11502



 Wavenumbers:  2600. -  3250. cm-1, ATM      1
 LEVEL PRESSURE   UPWARD FLUX   DIFDOWN FLUX  DIRDOWN FLUX  DOWNWARD FLUX   NET FLUX    HEATING RATE
          mb          W/m2          W/m2          W/m2        W/m2          W/m2       degree/day
  47   .000061        0.5335        0.0000        8.4850        8.4850       7.951469       0.00000
  46   .000117        0.5335        0.0000        8.4850        8.4850       7.951469       0.00457
  45   .000258        0.5335        0.0000        8.4850        8.4850       7.951469       0.00494
  44   .000625        0.5335        0.0000        8.4850        8.4850       7.951468       0.00533
  43   .001640        0.5335        0.0000        8.4850        8.4850       7.951468       0.00568
  42   .004480        0.5335        0.0000        8.4850        8.4850       7.951466       0.00605
  41    .01200        0.5335        0.0000        8.4849        8.4849       7.951460       0.00615
  40    .03000        0.5335        0.0000        8.4849        8.4849       7.951447       0.00604
  39    .06700        0.5335        0.0000        8.4849        8.4849       7.951420       0.00615
  38    0.1390        0.5335        0.0000        8.4849        8.4849       7.951368       0.00611
  37    0.2720        0.5335        0.0000        8.4848        8.4848       7.951272       0.00610
  36    0.5150        0.5335        0.0000        8.4846        8.4846       7.951093       0.00621
  35    0.9510        0.5335        0.0000        8.4842        8.4842       7.950725       0.00713
  34     1.290        0.5335        0.0000        8.4839        8.4839       7.950378       0.00864
  33     1.760        0.5335        0.0000        8.4833        8.4833       7.949802       0.01033
  32     2.410        0.5335        0.0000        8.4823        8.4823       7.948859       0.01225
  31     3.330        0.5335        0.0000        8.4808        8.4808       7.947345       0.01389
  30     4.640        0.5335        0.0000        8.4785        8.4785       7.944973       0.01528
  29     6.520        0.5335        0.0000        8.4748        8.4748       7.941359       0.01622
  28     9.300        0.5335        0.0000        8.4695        8.4695       7.936040       0.01615
  27     13.20        0.5335        0.0000        8.4621        8.4621       7.928595       0.01611
  26     19.07        0.5335        0.0000        8.4524        8.4524       7.918896       0.01394
  25     27.70        0.5335        0.0000        8.4405        8.4405       7.907038       0.01160
  24     32.20        0.5335        0.0000        8.4349        8.4349       7.901412       0.01055
  23     37.60        0.5335        0.0000        8.4283        8.4283       7.894802       0.01033
  22     43.70        0.5335        0.0000        8.4203        8.4204       7.886873       0.01097
  21     51.00        0.5335        0.0000        8.4106        8.4106       7.877094       0.01130
  20     59.50        0.5335        0.0000        8.3982        8.3983       7.864780       0.01223
  19     69.50        0.5335        0.0000        8.3827        8.3827       7.849187       0.01316
  18     81.20        0.5335        0.0000        8.3630        8.3631       7.829549       0.01416
  17     95.00        0.5335        0.0000        8.3387        8.3387       7.805178       0.01490
  16     111.0        0.5335        0.0000        8.3082        8.3082       7.774686       0.01608
  15     130.0        0.5336        0.0001        8.2719        8.2719       7.738364       0.01613
  14     153.0        0.5336        0.0001        8.2293        8.2293       7.695682       0.01566
  13     179.0        0.5337        0.0001        8.1802        8.1803       7.646570       0.01594
  12     209.0        0.5338        0.0001        8.1236        8.1237       7.589881       0.01595
  11     243.0        0.5341        0.0001        8.0515        8.0516       7.517525       0.01796
  10     281.0        0.5345        0.0001        7.9541        7.9542       7.419657       0.02173
   9     324.0        0.5353        0.0001        7.8317        7.8318       7.296508       0.02417
   8     372.0        0.5366        0.0001        7.6852        7.6853       7.148779       0.02597
   7     426.0        0.5385        0.0001        7.4937        7.4938       6.955317       0.03023
   6     487.0        0.5415        0.0002        7.2273        7.2274       6.685931       0.03727
   5     554.0        0.5462        0.0002        6.8717        6.8718       6.325622       0.04538
   4     628.0        0.5544        0.0002        6.4000        6.4002       5.845812       0.05472
   3     710.0        0.5686        0.0002        5.8529        5.8531       5.284507       0.05777
   2     802.0        0.5952        0.0002        5.2419        5.2421       4.646907       0.05849
   1     902.0        0.6482        0.0002        4.5569        4.5571       3.908888       0.06228
   0    1013.0        0.7699        0.0002        3.8494        3.8495       3.079638       0.06305



 Wavenumbers:  3250. -  4000. cm-1, ATM      1
 LEVEL PRESSURE   UPWARD FLUX   DIFDOWN FLUX  DIRDOWN FLUX  DOWNWARD FLUX   NET FLUX    HEATING RATE
          mb          W/m2          W/m2          W/m2        W/m2          W/m2       degree/day
  47   .000061        0.0007        0.0000       14.3033       14.3033      14.302620       0.00000
  46   .000117        0.0007        0.0000       14.3033       14.3033      14.302611       1.29582
  45   .000258        0.0007        0.0000       14.3032       14.3032      14.302574       2.24474
  44   .000625        0.0007        0.0000       14.3031       14.3031      14.302427       3.36334
  43   .001640        0.0007        0.0000       14.3026       14.3026      14.301945       4.00899
  42   .004480        0.0007        0.0000       14.3013       14.3013      14.300618       3.94370
  41    .01200        0.0007        0.0000       14.2984       14.2984      14.297733       3.23776
  40    .03000        0.0007        0.0000       14.2939       14.2939      14.293265       2.09486
  39    .06700        0.0007        0.0000       14.2885       14.2885      14.287815       1.24310
  38    0.1390        0.0007        0.0000       14.2809       14.2809      14.280201       0.89235
  37    0.2720        0.0007        0.0000       14.2699       14.2699      14.269198       0.69821
  36    0.5150        0.0007        0.0000       14.2557       14.2557      14.255006       0.49286
  35    0.9510        0.0007        0.0000       14.2360       14.2360      14.235306       0.38132
  34     1.290        0.0007        0.0000       14.2227       14.2227      14.222076       0.32934
  33     1.760        0.0007        0.0000       14.2070       14.2070      14.206364       0.28213
  32     2.410        0.0007        0.0000       14.1888       14.1888      14.188109       0.23700
  31     3.330        0.0007        0.0000       14.1674       14.1674      14.166710       0.19630
  30     4.640        0.0007        0.0000       14.1412       14.1412      14.140563       0.16844
  29     6.520        0.0007        0.0000       14.1067       14.1067      14.106068       0.15484
  28     9.300        0.0007        0.0000       14.0569       14.0569      14.056274       0.15116
  27     13.20        0.0007        0.0000       13.9811       13.9811      13.980490       0.16399
  26     19.07        0.0006        0.0000       13.8645       13.8646      13.863924       0.16758
  25     27.70        0.0006        0.0000       13.6884       13.6884      13.687778       0.17225
  24     32.20        0.0006        0.0000       13.5983       13.5983      13.597716       0.16890
  23     37.60        0.0006        0.0001       13.4973       13.4973      13.496719       0.15784
  22     43.70        0.0006        0.0001       13.3863       13.3864      13.385792       0.15346
  21     51.00        0.0006        0.0001       13.2673       13.2673      13.266715       0.13766
  20     59.50        0.0006        0.0001       13.1404       13.1404      13.139838       0.12597
  19     69.50        0.0006        0.0001       13.0048       13.0049      13.004278       0.11440
  18     81.20        0.0006        0.0001       12.8556       12.8557      12.855088       0.10761
  17     95.00        0.0006        0.0001       12.6868       12.6870      12.686399       0.10316
  16     111.0        0.0005        0.0001       12.4848       12.4850      12.484434       0.10653
  15     130.0        0.0005        0.0002       12.2554       12.2555      12.255036       0.10189
  14     153.0        0.0005        0.0002       11.9885       11.9887      11.988251       0.09789
  13     179.0        0.0005        0.0002       11.6656       11.6658      11.665336       0.10481
  12     209.0        0.0004        0.0002       11.1686       11.1688      11.168395       0.13979
  11     243.0        0.0004        0.0003       10.3847       10.3849      10.384551       0.19456
  10     281.0        0.0004        0.0003        9.2429        9.2431       9.242769       0.25357
   9     324.0        0.0003        0.0003        7.9767        7.9770       7.976646       0.24849
   8     372.0        0.0003        0.0002        6.7420        6.7423       6.741968       0.21708
   7     426.0        0.0003        0.0002        5.5523        5.5525       5.552231       0.18593
   6     487.0        0.0003        0.0002        4.5050        4.5052       4.504932       0.14489
   5     554.0        0.0003        0.0002        3.5616        3.5618       3.561528       0.11883
   4     628.0        0.0003        0.0001        2.6407        2.6408       2.640543       0.10503
   3     710.0        0.0004        0.0001        1.7388        1.7389       1.738536       0.09283
   2     802.0        0.0006        0.0001        0.9512        0.9512       0.950590       0.07228
   1     902.0        0.0021        0.0000        0.3880        0.3880       0.385878       0.04766
   0    1013.0        0.0173        0.0000        0.0867        0.0867       0.069326       0.02407



 Wavenumbers:  4000. -  4650. cm-1, ATM      1
 LEVEL PRESSURE   UPWARD FLUX   DIFDOWN FLUX  DIRDOWN FLUX  DOWNWARD FLUX   NET FLUX    HEATING RATE
          mb          W/m2          W/m2          W/m2        W/m2          W/m2       degree/day
  47   .000061        2.0238        0.0000       16.7953       16.7953      14.771450       0.00000
  46   .000117        2.0238        0.0000       16.7953       16.7953      14.771450       0.00058
  45   .000258        2.0238        0.0000       16.7953       16.7953      14.771450       0.00062
  44   .000625        2.0238        0.0000       16.7953       16.7953      14.771450       0.00067
  43   .001640        2.0238        0.0000       16.7953       16.7953      14.771450       0.00071
  42   .004480        2.0238        0.0000       16.7953       16.7953      14.771450       0.00075
  41    .01200        2.0238        0.0000       16.7953       16.7953      14.771449       0.00077
  40    .03000        2.0238        0.0000       16.7953       16.7953      14.771448       0.00075
  39    .06700        2.0238        0.0000       16.7953       16.7953      14.771444       0.00077
  38    0.1390        2.0238        0.0000       16.7953       16.7953      14.771438       0.00076
  37    0.2720        2.0238        0.0000       16.7953       16.7953      14.771426       0.00076
  36    0.5150        2.0238        0.0000       16.7952       16.7952      14.771404       0.00078
  35    0.9510        2.0238        0.0000       16.7952       16.7952      14.771357       0.00089
  34     1.290        2.0238        0.0000       16.7951       16.7951      14.771314       0.00109
  33     1.760        2.0238        0.0000       16.7951       16.7951      14.771240       0.00131
  32     2.410        2.0238        0.0000       16.7949       16.7949      14.771118       0.00158
  31     3.330        2.0238        0.0000       16.7947       16.7947      14.770918       0.00184
  30     4.640        2.0238        0.0000       16.7944       16.7944      14.770590       0.00211
  29     6.520        2.0238        0.0000       16.7938       16.7939      14.770058       0.00239
  28     9.300        2.0238        0.0000       16.7930       16.7930      14.769192       0.00263
  27     13.20        2.0238        0.0001       16.7915       16.7916      14.767776       0.00306
  26     19.07        2.0238        0.0001       16.7892       16.7892      14.765452       0.00334
  25     27.70        2.0238        0.0001       16.7853       16.7854      14.761636       0.00373
  24     32.20        2.0237        0.0001       16.7830       16.7832      14.759424       0.00415
  23     37.60        2.0237        0.0001       16.7801       16.7803      14.756559       0.00448
  22     43.70        2.0237        0.0002       16.7764       16.7766      14.752885       0.00508
  21     51.00        2.0237        0.0002       16.7717       16.7720      14.748227       0.00538
  20     59.50        2.0237        0.0002       16.7659       16.7661      14.742412       0.00577
  19     69.50        2.0237        0.0003       16.7587       16.7590      14.735272       0.00603
  18     81.20        2.0237        0.0003       16.7500       16.7503      14.726621       0.00624
  17     95.00        2.0237        0.0004       16.7396       16.7400      14.716243       0.00635
  16     111.0        2.0238        0.0004       16.7268       16.7272      14.703442       0.00675
  15     130.0        2.0238        0.0005       16.7116       16.7121      14.688233       0.00676
  14     153.0        2.0239        0.0006       16.6933       16.6939      14.669997       0.00669
  13     179.0        2.0241        0.0007       16.6713       16.6720      14.647857       0.00719
  12     209.0        2.0244        0.0008       16.6433       16.6441      14.619713       0.00792
  11     243.0        2.0249        0.0010       16.6025       16.6035      14.578560       0.01021
  10     281.0        2.0260        0.0011       16.5373       16.5384      14.512443       0.01468
   9     324.0        2.0278        0.0013       16.4430       16.4442      14.416464       0.01884
   8     372.0        2.0304        0.0014       16.3117       16.3131      14.282680       0.02352
   7     426.0        2.0342        0.0016       16.1180       16.1196      14.085475       0.03082
   6     487.0        2.0393        0.0018       15.8458       15.8476      13.808264       0.03835
   5     554.0        2.0467        0.0020       15.5051       15.5071      13.460384       0.04382
   4     628.0        2.0586        0.0022       15.0901       15.0923      13.033702       0.04866
   3     710.0        2.0794        0.0024       14.5523       14.5548      12.475365       0.05746
   2     802.0        2.1184        0.0026       13.7851       13.7877      11.669290       0.07394
   1     902.0        2.1962        0.0027       12.8222       12.8249      10.628674       0.08782
   0    1013.0        2.3682        0.0028       11.8384       11.8412       9.472998       0.08786



 Wavenumbers:  4650. -  5150. cm-1, ATM      1
 LEVEL PRESSURE   UPWARD FLUX   DIFDOWN FLUX  DIRDOWN FLUX  DOWNWARD FLUX   NET FLUX    HEATING RATE
          mb          W/m2          W/m2          W/m2        W/m2          W/m2       degree/day
  47   .000061        1.4730        0.0000       15.8958       15.8958      14.422762       0.00000
  46   .000117        1.4730        0.0000       15.8958       15.8958      14.422761       0.04730
  45   .000258        1.4730        0.0000       15.8958       15.8958      14.422760       0.08268
  44   .000625        1.4730        0.0000       15.8958       15.8958      14.422755       0.12507
  43   .001640        1.4730        0.0000       15.8958       15.8958      14.422736       0.15295
  42   .004480        1.4730        0.0000       15.8957       15.8957      14.422681       0.16337
  41    .01200        1.4730        0.0000       15.8956       15.8956      14.422534       0.16583
  40    .03000        1.4730        0.0000       15.8952       15.8952      14.422182       0.16460
  39    .06700        1.4730        0.0000       15.8945       15.8945      14.421449       0.16720
  38    0.1390        1.4730        0.0000       15.8931       15.8931      14.420048       0.16428
  37    0.2720        1.4730        0.0000       15.8905       15.8905      14.417513       0.16083
  36    0.5150        1.4730        0.0000       15.8861       15.8861      14.413106       0.15306
  35    0.9510        1.4730        0.0000       15.8787       15.8787      14.405708       0.14319
  34     1.290        1.4730        0.0000       15.8735       15.8735      14.400431       0.13135
  33     1.760        1.4730        0.0000       15.8668       15.8668      14.393753       0.11992
  32     2.410        1.4730        0.0000       15.8585       15.8585      14.385474       0.10749
  31     3.330        1.4730        0.0000       15.8485       15.8486      14.375547       0.09106
  30     4.640        1.4730        0.0000       15.8371       15.8372      14.364148       0.07343
  29     6.520        1.4730        0.0000       15.8247       15.8247      14.351706       0.05585
  28     9.300        1.4730        0.0001       15.8114       15.8114      14.338441       0.04027
  27     13.20        1.4730        0.0001       15.7965       15.7966      14.323619       0.03207
  26     19.07        1.4730        0.0001       15.7769       15.7770      14.304045       0.02814
  25     27.70        1.4730        0.0002       15.7456       15.7458      14.272787       0.03057
  24     32.20        1.4730        0.0002       15.7275       15.7276      14.254674       0.03397
  23     37.60        1.4730        0.0002       15.7047       15.7050      14.231976       0.03547
  22     43.70        1.4730        0.0003       15.6763       15.6766      14.203567       0.03930
  21     51.00        1.4730        0.0003       15.6410       15.6413      14.168258       0.04082
  20     59.50        1.4731        0.0004       15.5974       15.5977      14.124663       0.04328
  19     69.50        1.4731        0.0004       15.5440       15.5444      14.071311       0.04502
  18     81.20        1.4732        0.0005       15.4797       15.4802      14.007002       0.04639
  17     95.00        1.4733        0.0006       15.4036       15.4041      13.930820       0.04659
  16     111.0        1.4735        0.0006       15.3153       15.3160      13.842514       0.04658
  15     130.0        1.4737        0.0008       15.2155       15.2162      13.742513       0.04442
  14     153.0        1.4740        0.0009       15.1044       15.1053      13.631240       0.04083
  13     179.0        1.4745        0.0010       14.9836       14.9847      13.510145       0.03931
  12     209.0        1.4752        0.0012       14.8558       14.8569      13.381765       0.03611
  11     243.0        1.4761        0.0014       14.7196       14.7210      13.244811       0.03399
  10     281.0        1.4777        0.0015       14.5662       14.5677      13.090007       0.03438
   9     324.0        1.4803        0.0018       14.3842       14.3859      12.905648       0.03618
   8     372.0        1.4840        0.0020       14.1655       14.1674      12.683428       0.03907
   7     426.0        1.4895        0.0022       13.8940       13.8963      12.406789       0.04323
   6     487.0        1.4975        0.0025       13.5507       13.5531      12.055669       0.04858
   5     554.0        1.5093        0.0027       13.1181       13.1208      11.611557       0.05594
   4     628.0        1.5276        0.0030       12.5659       12.5689      11.041293       0.06503
   3     710.0        1.5576        0.0032       11.8773       11.8804      10.322842       0.07394
   2     802.0        1.6087        0.0033       11.0752       11.0786       9.469869       0.07824
   1     902.0        1.7011        0.0035       10.2086       10.2121       8.510964       0.08092
   0    1013.0        1.8719        0.0036        9.3558        9.3594       7.487510       0.07781



 Wavenumbers:  5150. -  6150. cm-1, ATM      1
 LEVEL PRESSURE   UPWARD FLUX   DIFDOWN FLUX  DIRDOWN FLUX  DOWNWARD FLUX   NET FLUX    HEATING RATE
          mb          W/m2          W/m2          W/m2        W/m2          W/m2       degree/day
  47   .000061        3.5749        0.0000       39.8483       39.8483      36.273374       0.00000
  46   .000117        3.5749        0.0000       39.8483       39.8483      36.273374       0.00284
  45   .000258        3.5749        0.0000       39.8483       39.8483      36.273374       0.00327
  44   .000625        3.5749        0.0000       39.8483       39.8483      36.273374       0.00412
  43   .001640        3.5749        0.0000       39.8483       39.8483      36.273373       0.00599
  42   .004480        3.5749        0.0000       39.8483       39.8483      36.273370       0.00921
  41    .01200        3.5749        0.0000       39.8483       39.8483      36.273357       0.01420
  40    .03000        3.5749        0.0000       39.8482       39.8482      36.273314       0.02032
  39    .06700        3.5749        0.0000       39.8481       39.8481      36.273195       0.02708
  38    0.1390        3.5749        0.0000       39.8478       39.8478      36.272917       0.03262
  37    0.2720        3.5749        0.0000       39.8472       39.8472      36.272322       0.03772
  36    0.5150        3.5749        0.0000       39.8460       39.8460      36.271142       0.04100
  35    0.9510        3.5749        0.0000       39.8438       39.8438      36.268923       0.04295
  34     1.290        3.5749        0.0000       39.8420       39.8421      36.267190       0.04314
  33     1.760        3.5749        0.0000       39.8396       39.8397      36.264824       0.04248
  32     2.410        3.5749        0.0001       39.8364       39.8365      36.261595       0.04193
  31     3.330        3.5748        0.0001       39.8320       39.8321      36.257222       0.04011
  30     4.640        3.5748        0.0001       39.8259       39.8261      36.251236       0.03856
  29     6.520        3.5748        0.0002       39.8175       39.8177      36.242893       0.03745
  28     9.300        3.5748        0.0003       39.8057       39.8060      36.231207       0.03547
  27     13.20        3.5747        0.0004       39.7894       39.7898      36.215107       0.03484
  26     19.07        3.5746        0.0005       39.7675       39.7680      36.193436       0.03116
  25     27.70        3.5745        0.0008       39.7386       39.7394      36.164846       0.02796
  24     32.20        3.5745        0.0009       39.7249       39.7257      36.151276       0.02545
  23     37.60        3.5744        0.0010       39.7099       39.7109      36.136466       0.02315
  22     43.70        3.5743        0.0012       39.6936       39.6948      36.120467       0.02213
  21     51.00        3.5743        0.0014       39.6761       39.6775      36.103228       0.01993
  20     59.50        3.5742        0.0016       39.6571       39.6587      36.084453       0.01864
  19     69.50        3.5742        0.0019       39.6362       39.6381      36.063889       0.01735
  18     81.20        3.5741        0.0022       39.6131       39.6153      36.041180       0.01638
  17     95.00        3.5741        0.0026       39.5871       39.5896      36.015560       0.01567
  16     111.0        3.5740        0.0030       39.5573       39.5603      35.986300       0.01543
  15     130.0        3.5739        0.0035       39.5233       39.5268      35.952855       0.01485
  14     153.0        3.5739        0.0041       39.4778       39.4819      35.908054       0.01644
  13     179.0        3.5738        0.0048       39.4063       39.4111      35.837316       0.02296
  12     209.0        3.5737        0.0056       39.2422       39.2477      35.673992       0.04594
  11     243.0        3.5738        0.0064       38.8026       38.8090      35.235194       0.10891
  10     281.0        3.5740        0.0072       37.7672       37.7744      34.200422       0.22980
   9     324.0        3.5745        0.0080       36.3644       36.3724      32.797939       0.27525
   8     372.0        3.5754        0.0088       34.8481       34.8569      31.281515       0.26661
   7     426.0        3.5769        0.0095       32.9629       32.9724      29.395475       0.29475
   6     487.0        3.5795        0.0101       30.8215       30.8317      27.252206       0.29651
   5     554.0        3.5839        0.0108       28.5998       28.6105      25.026632       0.28033
   4     628.0        3.5924        0.0114       26.3380       26.3493      22.756902       0.25885
   3     710.0        3.6101        0.0120       24.3010       24.3131      20.702932       0.21139
   2     802.0        3.6485        0.0128       22.6770       22.6898      19.041320       0.15242
   1     902.0        3.7369        0.0136       21.2885       21.3021      17.565167       0.12457
   0    1013.0        3.9743        0.0143       19.8574       19.8717      15.897349       0.12680



 Wavenumbers:  6150. -  7700. cm-1, ATM      1
 LEVEL PRESSURE   UPWARD FLUX   DIFDOWN FLUX  DIRDOWN FLUX  DOWNWARD FLUX   NET FLUX    HEATING RATE
          mb          W/m2          W/m2          W/m2        W/m2          W/m2       degree/day
  47   .000061        5.3977        0.0000       73.7103       73.7103      68.312669       0.00000
  46   .000117        5.3977        0.0000       73.7103       73.7103      68.312669       0.00609
  45   .000258        5.3977        0.0000       73.7103       73.7103      68.312669       0.00890
  44   .000625        5.3977        0.0000       73.7103       73.7103      68.312668       0.01264
  43   .001640        5.3977        0.0000       73.7103       73.7103      68.312666       0.01643
  42   .004480        5.3977        0.0000       73.7103       73.7103      68.312660       0.02041
  41    .01200        5.3977        0.0000       73.7103       73.7103      68.312637       0.02568
  40    .03000        5.3977        0.0000       73.7102       73.7102      68.312568       0.03201
  39    .06700        5.3977        0.0000       73.7101       73.7101      68.312396       0.03940
  38    0.1390        5.3977        0.0000       73.7097       73.7097      68.312009       0.04530
  37    0.2720        5.3977        0.0000       73.7088       73.7089      68.311208       0.05086
  36    0.5150        5.3976        0.0001       73.7072       73.7073      68.309641       0.05440
  35    0.9510        5.3976        0.0001       73.7042       73.7043      68.306715       0.05663
  34     1.290        5.3976        0.0001       73.7018       73.7020      68.304432       0.05683
  33     1.760        5.3975        0.0002       73.6986       73.6988      68.301313       0.05601
  32     2.410        5.3974        0.0003       73.6942       73.6945      68.297041       0.05547
  31     3.330        5.3974        0.0004       73.6882       73.6886      68.291213       0.05345
  30     4.640        5.3972        0.0005       73.6799       73.6804      68.283177       0.05177
  29     6.520        5.3971        0.0007       73.6682       73.6690      68.271906       0.05059
  28     9.300        5.3968        0.0010       73.6517       73.6528      68.255979       0.04835
  27     13.20        5.3964        0.0015       73.6286       73.6301      68.233715       0.04818
  26     19.07        5.3959        0.0022       73.5968       73.5989      68.203063       0.04407
  25     27.70        5.3950        0.0031       73.5532       73.5564      68.161353       0.04079
  24     32.20        5.3946        0.0036       73.5320       73.5357      68.141054       0.03807
  23     37.60        5.3941        0.0042       73.5084       73.5126      68.118522       0.03521
  22     43.70        5.3935        0.0049       73.4823       73.4872      68.093718       0.03432
  21     51.00        5.3928        0.0057       73.4535       73.4593      68.066471       0.03150
  20     59.50        5.3920        0.0067       73.4216       73.4283      68.036276       0.02998
  19     69.50        5.3910        0.0078       73.3859       73.3937      68.002690       0.02834
  18     81.20        5.3899        0.0091       73.3458       73.3549      67.964986       0.02720
  17     95.00        5.3886        0.0107       73.3000       73.3106      67.922019       0.02628
  16     111.0        5.3871        0.0125       73.2471       73.2595      67.872458       0.02614
  15     130.0        5.3853        0.0146       73.1858       73.2004      67.815127       0.02546
  14     153.0        5.3832        0.0170       73.1055       73.1226      67.739377       0.02779
  13     179.0        5.3807        0.0199       72.9834       73.0033      67.622537       0.03792
  12     209.0        5.3780        0.0232       72.7134       72.7366      67.358608       0.07424
  11     243.0        5.3750        0.0267       72.0485       72.0752      66.700166       0.16343
  10     281.0        5.3720        0.0302       70.6275       70.6577      65.285635       0.31414
   9     324.0        5.3694        0.0336       68.3056       68.3392      62.969785       0.45451
   8     372.0        5.3674        0.0370       65.6262       65.6632      60.295843       0.47012
   7     426.0        5.3668        0.0403       62.4760       62.5162      57.149482       0.49171
   6     487.0        5.3688        0.0431       58.6596       58.7027      53.333878       0.52788
   5     554.0        5.3759        0.0456       54.4486       54.4941      49.118217       0.53099
   4     628.0        5.3946        0.0474       49.7618       49.8092      44.414629       0.53641
   3     710.0        5.4388        0.0487       44.8410       44.8897      39.450878       0.51085
   2     802.0        5.5392        0.0495       40.0407       40.0902      34.551036       0.44946
   1     902.0        5.7690        0.0500       35.6170       35.6671      29.898069       0.39267
   0    1013.0        6.3628        0.0507       31.7633       31.8140      25.451170       0.33809



 Wavenumbers:  7700. -  8050. cm-1, ATM      1
 LEVEL PRESSURE   UPWARD FLUX   DIFDOWN FLUX  DIRDOWN FLUX  DOWNWARD FLUX   NET FLUX    HEATING RATE
          mb          W/m2          W/m2          W/m2        W/m2          W/m2       degree/day
  47   .000061        2.8644        0.0000       17.4216       17.4216      14.557133       0.00000
  46   .000117        2.8644        0.0000       17.4216       17.4216      14.557133       0.01026
  45   .000258        2.8644        0.0000       17.4216       17.4216      14.557133       0.01143
  44   .000625        2.8644        0.0000       17.4216       17.4216      14.557133       0.01284
  43   .001640        2.8644        0.0000       17.4216       17.4216      14.557131       0.01374
  42   .004480        2.8644        0.0000       17.4215       17.4215      14.557126       0.01435
  41    .01200        2.8644        0.0000       17.4215       17.4215      14.557113       0.01487
  40    .03000        2.8644        0.0000       17.4215       17.4215      14.557081       0.01488
  39    .06700        2.8644        0.0000       17.4214       17.4214      14.557015       0.01518
  38    0.1390        2.8644        0.0000       17.4213       17.4213      14.556885       0.01512
  37    0.2720        2.8645        0.0000       17.4211       17.4211      14.556647       0.01516
  36    0.5150        2.8645        0.0000       17.4207       17.4207      14.556212       0.01507
  35    0.9510        2.8646        0.0000       17.4199       17.4200      14.555429       0.01516
  34     1.290        2.8646        0.0001       17.4194       17.4194      14.554823       0.01510
  33     1.760        2.8647        0.0001       17.4186       17.4187      14.553988       0.01498
  32     2.410        2.8648        0.0001       17.4175       17.4176      14.552823       0.01513
  31     3.330        2.8649        0.0002       17.4159       17.4161      14.551182       0.01505
  30     4.640        2.8651        0.0002       17.4137       17.4140      14.548850       0.01502
  29     6.520        2.8654        0.0003       17.4106       17.4109      14.545507       0.01500
  28     9.300        2.8658        0.0004       17.4060       17.4064      14.540657       0.01472
  27     13.20        2.8664        0.0006       17.3993       17.4000      14.533601       0.01527
  26     19.07        2.8672        0.0009       17.3896       17.3905      14.523284       0.01483
  25     27.70        2.8685        0.0013       17.3753       17.3766      14.508108       0.01484
  24     32.20        2.8692        0.0015       17.3678       17.3694      14.500206       0.01482
  23     37.60        2.8700        0.0018       17.3591       17.3609      14.490972       0.01443
  22     43.70        2.8709        0.0021       17.3490       17.3511      14.480188       0.01492
  21     51.00        2.8720        0.0024       17.3371       17.3396      14.467597       0.01455
  20     59.50        2.8732        0.0028       17.3233       17.3261      14.452878       0.01461
  19     69.50        2.8748        0.0033       17.3071       17.3104      14.435668       0.01452
  18     81.20        2.8765        0.0038       17.2882       17.2921      14.415547       0.01451
  17     95.00        2.8786        0.0045       17.2662       17.2707      14.392032       0.01438
  16     111.0        2.8811        0.0052       17.2405       17.2458      14.364642       0.01445
  15     130.0        2.8841        0.0061       17.2108       17.2169      14.332833       0.01413
  14     153.0        2.8876        0.0071       17.1762       17.1834      14.295793       0.01359
  13     179.0        2.8917        0.0083       17.1361       17.1445      14.252749       0.01397
  12     209.0        2.8966        0.0097       17.0906       17.1003      14.203720       0.01379
  11     243.0        2.9022        0.0113       17.0397       17.0510      14.148807       0.01363
  10     281.0        2.9086        0.0130       16.9831       16.9961      14.087446       0.01363
   9     324.0        2.9161        0.0149       16.9201       16.9350      14.018921       0.01345
   8     372.0        2.9249        0.0171       16.8502       16.8673      13.942442       0.01345
   7     426.0        2.9351        0.0195       16.7724       16.7919      13.856806       0.01338
   6     487.0        2.9473        0.0221       16.6854       16.7075      13.760226       0.01336
   5     554.0        2.9619        0.0250       16.5874       16.6124      13.650427       0.01383
   4     628.0        2.9801        0.0282       16.4744       16.5025      13.522386       0.01460
   3     710.0        3.0037        0.0316       16.3394       16.3709      13.367276       0.01596
   2     802.0        3.0356        0.0352       16.1721       16.2073      13.171662       0.01794
   1     902.0        3.0810        0.0391       15.9595       15.9986      12.917618       0.02144
   0    1013.0        3.1468        0.0431       15.6908       15.7339      12.587154       0.02512



 Wavenumbers:  8050. - 12850. cm-1, ATM      1
 LEVEL PRESSURE   UPWARD FLUX   DIFDOWN FLUX  DIRDOWN FLUX  DOWNWARD FLUX   NET FLUX    HEATING RATE
          mb          W/m2          W/m2          W/m2        W/m2          W/m2       degree/day
  47   .000061       35.3852        0.0000      243.9585      243.9585     208.573301       0.00000
  46   .000117       35.3852        0.0000      243.9585      243.9585     208.573301       0.00000
  45   .000258       35.3852        0.0000      243.9585      243.9585     208.573301       0.00000
  44   .000625       35.3852        0.0000      243.9585      243.9585     208.573301       0.00000
  43   .001640       35.3852        0.0000      243.9585      243.9585     208.573301      -0.00000
  42   .004480       35.3852        0.0000      243.9585      243.9585     208.573301      -0.00000
  41    .01200       35.3852        0.0000      243.9585      243.9585     208.573301      -0.00000
  40    .03000       35.3852        0.0001      243.9584      243.9585     208.573301       0.00000
  39    .06700       35.3851        0.0002      243.9583      243.9584     208.573301      -0.00000
  38    0.1390       35.3850        0.0003      243.9580      243.9583     208.573301       0.00000
  37    0.2720       35.3848        0.0006      243.9575      243.9581     208.573301       0.00000
  36    0.5150       35.3844        0.0012      243.9565      243.9577     208.573301      -0.00000
  35    0.9510       35.3837        0.0022      243.9548      243.9570     208.573301      -0.00000
  34     1.290       35.3831        0.0030      243.9534      243.9564     208.573301       0.00000
  33     1.760       35.3823        0.0040      243.9516      243.9556     208.573301      -0.00000
  32     2.410       35.3813        0.0055      243.9490      243.9546     208.573301       0.00000
  31     3.330       35.3798        0.0077      243.9454      243.9531     208.573301      -0.00000
  30     4.640       35.3776        0.0106      243.9403      243.9509     208.573301       0.00000
  29     6.520       35.3745        0.0150      243.9329      243.9478     208.573301       0.00000
  28     9.300       35.3700        0.0212      243.9221      243.9433     208.573301       0.00000
  27     13.20       35.3635        0.0303      243.9065      243.9368     208.573301       0.00000
  26     19.07       35.3540        0.0436      243.8836      243.9273     208.573301      -0.00000
  25     27.70       35.3398        0.0633      243.8498      243.9131     208.573301      -0.00000
  24     32.20       35.3325        0.0736      243.8322      243.9058     208.573301       0.00000
  23     37.60       35.3238        0.0856      243.8115      243.8971     208.573301       0.00000
  22     43.70       35.3137        0.0997      243.7873      243.8870     208.573301      -0.00000
  21     51.00       35.3019        0.1162      243.7590      243.8752     208.573301       0.00000
  20     59.50       35.2880        0.1356      243.7257      243.8613     208.573301       0.00000
  19     69.50       35.2717        0.1583      243.6867      243.8450     208.573301      -0.00000
  18     81.20       35.2526        0.1850      243.6409      243.8259     208.573301       0.00000
  17     95.00       35.2300        0.2163      243.5871      243.8033     208.573301       0.00000
  16     111.0       35.2037        0.2530      243.5186      243.7716     208.567898       0.00285
  15     130.0       35.1730        0.2959      243.4385      243.7344     208.561402       0.00289
  14     153.0       35.1368        0.3462      243.3425      243.6888     208.551950       0.00347
  13     179.0       35.0945        0.4053      243.2242      243.6295     208.535002       0.00550
  12     209.0       35.0458        0.4731      243.0579      243.5309     208.485108       0.01404
  11     243.0       34.9911        0.5495      242.7432      243.2927     208.301537       0.04556
  10     281.0       34.9309        0.6348      242.0841      242.7189     207.788084       0.11403
   9     324.0       34.8658        0.7296      241.0251      241.7547     206.888913       0.17647
   8     372.0       34.7970        0.8345      239.6478      240.4823     205.685256       0.21162
   7     426.0       34.7276        0.9493      237.7683      238.7176     203.990018       0.26493
   6     487.0       34.6632        1.0735      235.1274      236.2010     201.537795       0.33926
   5     554.0       34.6138        1.2065      231.5408      232.7473     198.133506       0.42880
   4     628.0       34.6079        1.3446      226.4261      227.7706     193.162760       0.56688
   3     710.0       34.7045        1.4837      219.3249      220.8086     186.104047       0.72646
   2     802.0       35.0291        1.6194      210.2023      211.8217     176.792652       0.85413
   1     902.0       35.8523        1.7474      199.3020      201.0494     165.197067       0.97857
   0    1013.0       37.8591        1.8694      187.4260      189.2954     151.436316       1.04621



 Wavenumbers: 12850. - 16000. cm-1, ATM      1
 LEVEL PRESSURE   UPWARD FLUX   DIFDOWN FLUX  DIRDOWN FLUX  DOWNWARD FLUX   NET FLUX    HEATING RATE
          mb          W/m2          W/m2          W/m2        W/m2          W/m2       degree/day
  47   .000061       28.5132        0.0000      152.8650      152.8650     124.351724       0.00000
  46   .000117       28.5132        0.0000      152.8650      152.8650     124.351721       0.39579
  45   .000258       28.5132        0.0000      152.8650      152.8650     124.351714       0.45410
  44   .000625       28.5132        0.0000      152.8649      152.8649     124.351691       0.52508
  43   .001640       28.5132        0.0000      152.8649      152.8649     124.351622       0.56955
  42   .004480       28.5132        0.0000      152.8646      152.8647     124.351425       0.58542
  41    .01200       28.5132        0.0001      152.8641      152.8641     124.350907       0.58209
  40    .03000       28.5132        0.0001      152.8627      152.8628     124.349692       0.56964
  39    .06700       28.5130        0.0003      152.8599      152.8602     124.347152       0.57917
  38    0.1390       28.5129        0.0007      152.8544      152.8551     124.342204       0.58006
  37    0.2720       28.5126        0.0014      152.8443      152.8457     124.333035       0.58179
  36    0.5150       28.5123        0.0026      152.8265      152.8291     124.316761       0.56518
  35    0.9510       28.5123        0.0048      152.7961      152.8009     124.288608       0.54492
  34     1.290       28.5127        0.0064      152.7735      152.7800     124.267302       0.53039
  33     1.760       28.5138        0.0088      152.7429      152.7517     124.237965       0.52678
  32     2.410       28.5164        0.0120      152.6998      152.7118     124.195458       0.55187
  31     3.330       28.5221        0.0166      152.6362      152.6528     124.130787       0.59323
  30     4.640       28.5328        0.0231      152.5414      152.5645     124.031707       0.63828
  29     6.520       28.5499        0.0324      152.4043      152.4367     123.886771       0.65060
  28     9.300       28.5736        0.0459      152.2160      152.2618     123.688237       0.60268
  27     13.20       28.6028        0.0654      151.9684      152.0339     123.431081       0.55646
  26     19.07       28.6372        0.0940      151.6455      151.7395     123.102350       0.47261
  25     27.70       28.6747        0.1361      151.2305      151.3666     122.691964       0.40131
  24     32.20       28.6882        0.1580      151.0413      151.1993     122.511056       0.33927
  23     37.60       28.6989        0.1836      150.8430      151.0266     122.327703       0.28654
  22     43.70       28.7067        0.2136      150.6326      150.8462     122.139472       0.26041
  21     51.00       28.7107        0.2487      150.4101      150.6588     121.948044       0.22130
  20     59.50       28.7100        0.2897      150.1747      150.4644     121.754401       0.19226
  19     69.50       28.7027        0.3379      149.9297      150.2676     121.564831       0.15998
  18     81.20       28.6856        0.3944      149.6825      150.0769     121.391221       0.12522
  17     95.00       28.6579        0.4607      149.4305      149.8912     121.233337       0.09655
  16     111.0       28.6251        0.5387      149.1582      149.6969     121.071758       0.08522
  15     130.0       28.5835        0.6298      148.8587      149.4885     120.904947       0.07409
  14     153.0       28.5316        0.7363      148.5240      149.2603     120.728714       0.06466
  13     179.0       28.4660        0.8609      148.1515      149.0124     120.546393       0.05918
  12     209.0       28.3851        1.0037      147.7412      148.7449     120.359888       0.05246
  11     243.0       28.2904        1.1646      147.2830      148.4476     120.157180       0.05031
  10     281.0       28.1816        1.3448      146.7651      148.1099     119.928354       0.05082
   9     324.0       28.0584        1.5461      146.1736      147.7197     119.661203       0.05243
   8     372.0       27.9213        1.7698      145.4973      147.2671     119.345783       0.05546
   7     426.0       27.7705        2.0173      144.7212      146.7385     118.968017       0.05904
   6     487.0       27.6076        2.2904      143.8222      146.1126     118.504971       0.06406
   5     554.0       27.4357        2.5900      142.7691      145.3591     117.923381       0.07326
   4     628.0       27.2658        2.9158      141.4823      144.3982     117.132383       0.09021
   3     710.0       27.1155        3.2657      139.8687      143.1344     116.018879       0.11460
   2     802.0       27.0195        3.6348      137.8053      141.4402     114.420667       0.14660
   1     902.0       27.0424        4.0178      135.1715      139.1893     112.146907       0.19189
   0    1013.0       27.2810        4.4122      131.9927      136.4049     109.123906       0.22983



 Wavenumbers: 16000. - 22650. cm-1, ATM      1
 LEVEL PRESSURE   UPWARD FLUX   DIFDOWN FLUX  DIRDOWN FLUX  DOWNWARD FLUX   NET FLUX    HEATING RATE
          mb          W/m2          W/m2          W/m2        W/m2          W/m2       degree/day
  47   .000061       57.2875        0.0000      243.6953      243.6953     186.407775       0.00000
  46   .000117       57.2875        0.0000      243.6953      243.6953     186.407775       0.02474
  45   .000258       57.2875        0.0000      243.6953      243.6953     186.407774       0.06145
  44   .000625       57.2875        0.0000      243.6952      243.6953     186.407769       0.11214
  43   .001640       57.2875        0.0000      243.6952      243.6952     186.407752       0.14417
  42   .004480       57.2874        0.0001      243.6950      243.6952     186.407709       0.12568
  41    .01200       57.2873        0.0003      243.6947      243.6950     186.407653       0.06317
  40    .03000       57.2871        0.0008      243.6938      243.6946     186.407574       0.03700
  39    .06700       57.2865        0.0019      243.6920      243.6938     186.407324       0.05719
  38    0.1390       57.2856        0.0039      243.6880      243.6919     186.406335       0.11581
  37    0.2720       57.2841        0.0076      243.6796      243.6872     186.403106       0.20489
  36    0.5150       57.2822        0.0144      243.6622      243.6766     186.394427       0.30145
  35    0.9510       57.2804        0.0266      243.6251      243.6516     186.371215       0.44928
  34     1.290       57.2806        0.0360      243.5912      243.6273     186.346685       0.61066
  33     1.760       57.2829        0.0490      243.5377      243.5868     186.303831       0.76948
  32     2.410       57.2904        0.0671      243.4493      243.5164     186.226049       1.00986
  31     3.330       57.3084        0.0927      243.3001      243.3927     186.084314       1.30013
  30     4.640       57.3440        0.1289      243.0559      243.1848     185.840857       1.56838
  29     6.520       57.4018        0.1808      242.6847      242.8654     185.463654       1.69323
  28     9.300       57.4812        0.2559      242.1627      242.4185     184.937368       1.59763
  27     13.20       57.5769        0.3649      241.4710      241.8360     184.259011       1.46789
  26     19.07       57.6856        0.5241      240.5669      241.0910     183.405398       1.22722
  25     27.70       57.7960        0.7579      239.4040      240.1619     182.365885       1.01652
  24     32.20       57.8309        0.8795      238.8730      239.7525     181.921641       0.83312
  23     37.60       57.8522        1.0217      238.3149      239.3365     181.484352       0.68340
  22     43.70       57.8592        1.1877      237.7204      238.9081     181.048910       0.60242
  21     51.00       57.8480        1.3817      237.0874      238.4691     180.621083       0.49459
  20     59.50       57.8146        1.6087      236.4108      238.0195     180.204839       0.41326
  19     69.50       57.7509        1.8743      235.6954      237.5697     179.818811       0.32577
  18     81.20       57.6441        2.1856      234.9565      237.1421     179.498059       0.23136
  17     95.00       57.4896        2.5503      234.1805      236.7308     179.241193       0.15708
  16     111.0       57.2923        2.9756      233.3253      236.3008     179.008522       0.12272
  15     130.0       57.0513        3.4701      232.3601      235.8302     178.778862       0.10201
  14     153.0       56.7589        4.0466      231.2607      235.3073     178.548381       0.08457
  13     179.0       56.4011        4.7175      230.0226      234.7400     178.338918       0.06799
  12     209.0       55.9724        5.4828      228.6573      234.1401     178.167684       0.04817
  11     243.0       55.4765        6.3397      227.1548      233.4945     178.017938       0.03717
  10     281.0       54.9082        7.2939      225.5020      232.7959     177.887702       0.02892
   9     324.0       54.2623        8.3513      223.6815      232.0328     177.770466       0.02301
   8     372.0       53.5340        9.5175      221.6737      231.1913     177.657268       0.01990
   7     426.0       52.7162       10.7974      219.4645      230.2619     177.545736       0.01743
   6     487.0       51.8007       12.1967      217.0357      229.2324     177.431792       0.01576
   5     554.0       50.7789       13.7201      214.3685      228.0886     177.309712       0.01538
   4     628.0       49.6451       15.3688      211.4397      226.8085     177.163392       0.01669
   3     710.0       48.3940       17.1417      208.2219      225.3637     176.969671       0.01994
   2     802.0       47.0228       19.0368      204.6730      223.7098     176.686963       0.02593
   1     902.0       45.5310       21.0509      200.7332      221.7840     176.253010       0.03662
   0    1013.0       43.9118       23.1799      196.3789      219.5588     175.647033       0.04607



 Wavenumbers: 22650. - 29000. cm-1, ATM      1
 LEVEL PRESSURE   UPWARD FLUX   DIFDOWN FLUX  DIRDOWN FLUX  DOWNWARD FLUX   NET FLUX    HEATING RATE
          mb          W/m2          W/m2          W/m2        W/m2          W/m2       degree/day
  47   .000061       31.3333        0.0000       92.0255       92.0255      60.692295       0.00000
  46   .000117       31.3333        0.0000       92.0255       92.0255      60.692295       0.00000
  45   .000258       31.3333        0.0000       92.0255       92.0255      60.692295       0.00000
  44   .000625       31.3332        0.0000       92.0255       92.0255      60.692295      -0.00000
  43   .001640       31.3332        0.0001       92.0255       92.0255      60.692295       0.00000
  42   .004480       31.3332        0.0002       92.0253       92.0255      60.692295       0.00000
  41    .01200       31.3331        0.0004       92.0249       92.0254      60.692295      -0.00000
  40    .03000       31.3328        0.0010       92.0241       92.0251      60.692295       0.00000
  39    .06700       31.3322        0.0023       92.0222       92.0245      60.692295       0.00000
  38    0.1390       31.3311        0.0048       92.0186       92.0234      60.692295      -0.00000
  37    0.2720       31.3290        0.0094       92.0119       92.0213      60.692295       0.00000
  36    0.5150       31.3251        0.0177       91.9997       92.0174      60.692295      -0.00000
  35    0.9510       31.3182        0.0328       91.9777       92.0105      60.692295       0.00000
  34     1.290       31.3129        0.0445       91.9607       92.0052      60.692295       0.00000
  33     1.760       31.3055        0.0605       91.9373       91.9978      60.692295      -0.00000
  32     2.410       31.2952        0.0829       91.9046       91.9875      60.692295       0.00000
  31     3.330       31.2808        0.1145       91.8586       91.9731      60.692295      -0.00000
  30     4.640       31.2602        0.1593       91.7932       91.9525      60.692295      -0.00000
  29     6.520       31.2306        0.2234       91.6995       91.9229      60.692295       0.00000
  28     9.300       31.1877        0.3164       91.5636       91.8800      60.692295       0.00000
  27     13.20       31.1252        0.4515       91.3660       91.8175      60.692295      -0.00000
  26     19.07       31.0336        0.6486       91.0772       91.7259      60.692295      -0.00000
  25     27.70       30.8982        0.9377       90.6528       91.5905      60.692295      -0.00000
  24     32.20       30.8275        1.0878       90.4321       91.5198      60.692295       0.00000
  23     37.60       30.7447        1.2628       90.1742       91.4370      60.692295      -0.00000
  22     43.70       30.6477        1.4667       89.8733       91.3400      60.692295       0.00000
  21     51.00       30.5340        1.7040       89.5224       91.2263      60.692295       0.00000
  20     59.50       30.4007        1.9804       89.1125       91.0929      60.692295      -0.00000
  19     69.50       30.2440        2.3023       88.6339       90.9363      60.692295       0.00000
  18     81.20       30.0598        2.6768       88.0753       90.7521      60.692295       0.00000
  17     95.00       29.8432        3.1118       87.4238       90.5355      60.692295       0.00000
  16     111.0       29.5892        3.6147       86.6668       90.2815      60.692295      -0.00000
  15     130.0       29.2917        4.1938       85.7903       89.9840      60.692295       0.00000
  14     153.0       28.9421        4.8610       84.7735       89.6344      60.692295       0.00000
  13     179.0       28.5315        5.6264       83.5974       89.2238      60.692295       0.00000
  12     209.0       28.0583        6.4848       82.2658       88.7506      60.692295      -0.00000
  11     243.0       27.5219        7.4274       80.7868       88.2142      60.692295      -0.00000
  10     281.0       26.9165        8.4541       79.1546       87.6087      60.692295       0.00000
   9     324.0       26.2349        9.5636       77.3637       86.9272      60.692295       0.00000
   8     372.0       25.4699       10.7526       75.4096       86.1621      60.692295      -0.00000
   7     426.0       24.6133       12.0155       73.2901       85.3056      60.692295       0.00000
   6     487.0       23.6557       13.3456       71.0024       84.3480      60.692295      -0.00000
   5     554.0       22.5868       14.7327       68.5464       83.2791      60.692295       0.00000
   4     628.0       21.3967       16.1621       65.9269       82.0890      60.692295      -0.00000
   3     710.0       20.0748       17.6144       63.1526       80.7671      60.692295      -0.00000
   2     802.0       18.6083       19.0713       60.2293       79.3006      60.692295       0.00000
   1     902.0       16.9804       20.5079       57.1648       77.6727      60.692295       0.00000
   0    1013.0       15.1731       21.8956       53.9698       75.8654      60.692295       0.00000



 Wavenumbers: 29000. - 38000. cm-1, ATM      1
 LEVEL PRESSURE   UPWARD FLUX   DIFDOWN FLUX  DIRDOWN FLUX  DOWNWARD FLUX   NET FLUX    HEATING RATE
          mb          W/m2          W/m2          W/m2        W/m2          W/m2       degree/day
  47   .000061        6.6066        0.0000       32.4786       32.4786      25.872084       0.00000
  46   .000117        6.6066        0.0000       32.4786       32.4786      25.872078       0.87320
  45   .000258        6.6066        0.0000       32.4786       32.4786      25.872042       2.15483
  44   .000625        6.6065        0.0000       32.4784       32.4784      25.871872       3.91307
  43   .001640        6.6065        0.0000       32.4778       32.4778      25.871269       5.01384
  42   .004480        6.6065        0.0001       32.4762       32.4763      25.869800       4.36597
  41    .01200        6.6063        0.0003       32.4738       32.4742      25.867843       2.19603
  40    .03000        6.6060        0.0008       32.4703       32.4711      25.865090       1.29075
  39    .06700        6.6053        0.0019       32.4598       32.4616      25.856303       2.00426
  38    0.1390        6.6041        0.0039       32.4218       32.4257      25.821598       4.06773
  37    0.2720        6.6021        0.0075       32.3037       32.3113      25.709197       7.13211
  36    0.5150        6.5991        0.0140       32.0035       32.0175      25.418425      10.09822
  35    0.9510        6.5952        0.0249       31.2902       31.3151      24.719931      13.51993
  34     1.290        6.5935        0.0327       30.6510       30.6837      24.090178      15.67724
  33     1.760        6.5929        0.0425       29.7483       29.7908      23.197890      16.02158
  32     2.410        6.5950        0.0550       28.5687       28.6237      22.028715      15.17975
  31     3.330        6.6031        0.0713       27.2019       27.2732      20.670159      12.46201
  30     4.640        6.6212        0.0930       25.7733       25.8662      19.245028       9.18083
  29     6.520        6.6524        0.1225       24.3686       24.4911      17.838724       6.31277
  28     9.300        6.6971        0.1638       23.0574       23.2213      16.524164       3.99056
  27     13.20        6.7546        0.2220       21.8526       22.0747      15.320089       2.60548
  26     19.07        6.8272        0.3041       20.7084       21.0125      14.185309       1.63144
  25     27.70        6.9165        0.4205       19.6037       20.0242      13.107699       1.05378
  24     32.20        6.9537        0.4802       19.1826       19.6628      12.709095       0.74753
  23     37.60        6.9873        0.5496       18.7806       19.3301      12.342794       0.57246
  22     43.70        7.0178        0.6300       18.3864       19.0163      11.998486       0.47634
  21     51.00        7.0435        0.7231       17.9973       18.7204      11.676880       0.37179
  20     59.50        7.0626        0.8311       17.6090       18.4400      11.377470       0.29727
  19     69.50        7.0702        0.9564       17.2232       18.1796      11.109368       0.22625
  18     81.20        7.0579        1.1031       16.8484       17.9515      10.893548       0.15567
  17     95.00        7.0232        1.2744       16.4738       17.7483      10.725113       0.10300
  16     111.0        6.9714        1.4721       16.0763       17.5484      10.577057       0.07809
  15     130.0        6.9036        1.6877       15.6424       17.3301      10.426495       0.06687
  14     153.0        6.8193        1.9383       15.1647       17.1030      10.283666       0.05241
  13     179.0        6.7107        2.2214       14.6461       16.8675      10.156798       0.04118
  12     209.0        6.5738        2.5319       14.0956       16.6276      10.053736       0.02899
  11     243.0        6.4119        2.8638       13.5125       16.3763       9.964380       0.02218
  10     281.0        6.2230        3.2148       12.8962       16.1111       9.888094       0.01694
   9     324.0        6.0057        3.5802       12.2468       15.8270       9.821283       0.01311
   8     372.0        5.7590        3.9537       11.5646       15.5183       9.759274       0.01090
   7     426.0        5.4804        4.3299       10.8525       15.1824       9.702091       0.00894
   6     487.0        5.1665        4.7004       10.1155       14.8159       9.649418       0.00729
   5     554.0        4.8142        5.0571        9.3581       14.4152       9.600971       0.00610
   4     628.0        4.4206        5.3892        8.5870       13.9761       9.555555       0.00518
   3     710.0        3.9822        5.6849        7.8103       13.4951       9.512954       0.00438
   2     802.0        3.4948        5.9321        7.0361       12.9682       9.473421       0.00363
   1     902.0        2.9529        6.1197        6.2700       12.3897       9.436732       0.00310
   0    1013.0        2.3507        6.2313        5.5221       11.7533       9.402676       0.00259



 Wavenumbers: 38000. - 50000. cm-1, ATM      1
 LEVEL PRESSURE   UPWARD FLUX   DIFDOWN FLUX  DIRDOWN FLUX  DOWNWARD FLUX   NET FLUX    HEATING RATE
          mb          W/m2          W/m2          W/m2        W/m2          W/m2       degree/day
  47   .000061        0.0075        0.0000        2.0246        2.0246       2.017085       0.00000
  46   .000117        0.0075        0.0000        2.0246        2.0246       2.017081       0.64149
  45   .000258        0.0075        0.0000        2.0246        2.0246       2.017059       1.34447
  44   .000625        0.0075        0.0000        2.0245        2.0245       2.016957       2.33644
  43   .001640        0.0075        0.0000        2.0241        2.0241       2.016601       2.96212
  42   .004480        0.0075        0.0000        2.0232        2.0232       2.015721       2.61488
  41    .01200        0.0075        0.0001        2.0218        2.0219       2.014443       1.43386
  40    .03000        0.0074        0.0002        2.0196        2.0198       2.012422       0.94759
  39    .06700        0.0072        0.0004        2.0134        2.0138       2.006613       1.32500
  38    0.1390        0.0068        0.0009        1.9920        1.9929       1.986048       2.41035
  37    0.2720        0.0062        0.0016        1.9278        1.9294       1.923176       3.98940
  36    0.5150        0.0053        0.0027        1.7712        1.7739       1.768652       5.36644
  35    0.9510        0.0040        0.0039        1.4318        1.4357       1.431659       6.52280
  34     1.290        0.0032        0.0041        1.1641        1.1682       1.164940       6.63975
  33     1.760        0.0025        0.0039        0.8449        0.8487       0.846253       5.72223
  32     2.410        0.0018        0.0032        0.5320        0.5352       0.533412       4.06170
  31     3.330        0.0013        0.0025        0.3022        0.3047       0.303429       2.10963
  30     4.640        0.0009        0.0018        0.1652        0.1670       0.166154       0.88434
  29     6.520        0.0006        0.0013        0.0881        0.0894       0.088837       0.34707
  28     9.300        0.0004        0.0010        0.0467        0.0477       0.047312       0.12606
  27     13.20        0.0002        0.0006        0.0233        0.0240       0.023751       0.05098
  26     19.07        0.0001        0.0004        0.0100        0.0104       0.010252       0.01941
  25     27.70        0.0000        0.0002        0.0035        0.0036       0.003591       0.00651
  24     32.20        0.0000        0.0001        0.0021        0.0023       0.002228       0.00256
  23     37.60        0.0000        0.0001        0.0013        0.0014       0.001344       0.00138
  22     43.70        0.0000        0.0001        0.0007        0.0008       0.000779       0.00078
  21     51.00        0.0000        0.0000        0.0004        0.0004       0.000431       0.00040
  20     59.50        0.0000        0.0000        0.0002        0.0002       0.000225       0.00020
  19     69.50        0.0000        0.0000        0.0001        0.0001       0.000111       0.00010
  18     81.20        0.0000        0.0000        0.0000        0.0001       0.000051       0.00004
  17     95.00        0.0000        0.0000        0.0000        0.0000       0.000022       0.00002
  16     111.0        0.0000        0.0000        0.0000        0.0000       0.000008       0.00001
  15     130.0        0.0000        0.0000        0.0000        0.0000       0.000003       0.00000
  14     153.0        0.0000        0.0000        0.0000        0.0000       0.000001       0.00000
  13     179.0        0.0000        0.0000        0.0000        0.0000       0.000000       0.00000
  12     209.0        0.0000        0.0000        0.0000        0.0000       0.000000       0.00000
  11     243.0        0.0000        0.0000        0.0000        0.0000       0.000000       0.00000
  10     281.0        0.0000        0.0000        0.0000        0.0000       0.000000       0.00000
   9     324.0        0.0000        0.0000        0.0000        0.0000       0.000000       0.00000
   8     372.0        0.0000        0.0000        0.0000        0.0000       0.000000       0.00000
   7     426.0        0.0000        0.0000        0.0000        0.0000       0.000000       0.00000
   6     487.0        0.0000        0.0000        0.0000        0.0000       0.000000       0.00000
   5     554.0        0.0000        0.0000        0.0000        0.0000       0.000000       0.00000
   4     628.0        0.0000        0.0000        0.0000        0.0000       0.000000       0.00000
   3     710.0        0.0000        0.0000        0.0000        0.0000       0.000000       0.00000
   2     802.0        0.0000        0.0000        0.0000        0.0000       0.000000       0.00000
   1     902.0        0.0000        0.0000        0.0000        0.0000       0.000000       0.00000
   0    1013.0        0.0000        0.0000        0.0000        0.0000       0.000000       0.00000



 Wavenumbers:   820. -  2600. cm-1, ATM      1
 LEVEL PRESSURE   UPWARD FLUX   DIFDOWN FLUX  DIRDOWN FLUX  DOWNWARD FLUX   NET FLUX    HEATING RATE
          mb          W/m2          W/m2          W/m2        W/m2          W/m2       degree/day
  47   .000061        0.3823        0.0000        9.3605        9.3605       8.978178       0.00000
  46   .000117        0.3823        0.0000        9.3604        9.3604       8.978105      11.11396
  45   .000258        0.3823        0.0000        9.3601        9.3601       8.977835      16.16008
  44   .000625        0.3823        0.0000        9.3596        9.3596       8.977295      12.41041
  43   .001640        0.3823        0.0000        9.3589        9.3589       8.976646       5.39208
  42   .004480        0.3823        0.0000        9.3577        9.3577       8.975403       3.69437
  41    .01200        0.3823        0.0000        9.3559        9.3559       8.973642       1.97665
  40    .03000        0.3823        0.0000        9.3547        9.3547       8.972426       0.56991
  39    .06700        0.3823        0.0000        9.3530        9.3530       8.970753       0.38161
  38    0.1390        0.3823        0.0000        9.3491        9.3491       8.966818       0.46123
  37    0.2720        0.3823        0.0000        9.3420        9.3420       8.959697       0.45183
  36    0.5150        0.3823        0.0000        9.3317        9.3317       8.949393       0.35786
  35    0.9510        0.3823        0.0000        9.3152        9.3152       8.932869       0.31983
  34     1.290        0.3823        0.0000        9.3024        9.3024       8.920156       0.31648
  33     1.760        0.3823        0.0000        9.2854        9.2854       8.903139       0.30555
  32     2.410        0.3823        0.0000        9.2626        9.2626       8.880285       0.29672
  31     3.330        0.3823        0.0000        9.2316        9.2316       8.849262       0.28457
  30     4.640        0.3823        0.0000        9.1897        9.1897       8.807442       0.26941
  29     6.520        0.3823        0.0000        9.1340        9.1340       8.751737       0.25006
  28     9.300        0.3823        0.0000        9.0597        9.0597       8.677395       0.22568
  27     13.20        0.3823        0.0000        8.9624        8.9624       8.580070       0.21060
  26     19.07        0.3823        0.0000        8.8487        8.8487       8.466341       0.16350
  25     27.70        0.3823        0.0000        8.7438        8.7438       8.361508       0.10252
  24     32.20        0.3823        0.0000        8.7097        8.7097       8.327395       0.06397
  23     37.60        0.3823        0.0000        8.6795        8.6795       8.297167       0.04724
  22     43.70        0.3823        0.0000        8.6510        8.6510       8.268610       0.03951
  21     51.00        0.3824        0.0000        8.6213        8.6213       8.238912       0.03433
  20     59.50        0.3824        0.0000        8.5879        8.5879       8.205573       0.03310
  19     69.50        0.3824        0.0000        8.5495        8.5495       8.167095       0.03247
  18     81.20        0.3824        0.0000        8.5053        8.5053       8.122915       0.03187
  17     95.00        0.3824        0.0000        8.4542        8.4542       8.071811       0.03125
  16     111.0        0.3824        0.0000        8.3947        8.3947       8.012270       0.03140
  15     130.0        0.3825        0.0000        8.3257        8.3257       7.943202       0.03068
  14     153.0        0.3825        0.0000        8.2411        8.2411       7.858575       0.03105
  13     179.0        0.3826        0.0000        8.1320        8.1320       7.749424       0.03543
  12     209.0        0.3826        0.0000        7.9590        7.9590       7.576390       0.04868
  11     243.0        0.3828        0.0000        7.6458        7.6458       7.262978       0.07779
  10     281.0        0.3831        0.0000        7.2105        7.2105       6.827349       0.09675
   9     324.0        0.3837        0.0000        6.7889        6.7889       6.405183       0.08285
   8     372.0        0.3846        0.0000        6.3304        6.3305       5.945876       0.08075
   7     426.0        0.3859        0.0000        5.7811        5.7812       5.395293       0.08605
   6     487.0        0.3877        0.0000        5.2751        5.2751       4.887401       0.07027
   5     554.0        0.3904        0.0000        4.9320        4.9320       4.541656       0.04355
   4     628.0        0.3953        0.0000        4.6529        4.6530       4.257719       0.03238
   3     710.0        0.4051        0.0000        4.2998        4.2998       3.894707       0.03736
   2     802.0        0.4258        0.0000        3.8648        3.8649       3.439014       0.04180
   1     902.0        0.4711        0.0000        3.3932        3.3932       2.922178       0.04362
   0    1013.0        0.5743        0.0000        2.8715        2.8715       2.297200       0.04752

  Modules and versions used in this calculation:

       rrtmg_sw.1col.f90:  $Revision: 33222 $            rrtmg_sw_init.f90:  $Revision: 33222 $
     rrtmgsw_cldprop.f90:  $Revision: 33222 $          rrtmgsw_cldprmc.f90:  NOT USED          
     rrtmg_sw_reftra.f90:  $Revision: 33222 $          rrtmg_sw_spcvrt.f90:  NOT USED          
     rrtmg_sw_spcvmc.f90:  NOT USED                    rrtmgsw_setcoef.f90:  NOT USED          
     rrtmg_sw_taumol.f90:  $Revision: 33222 $          rrtmg_sw_vrtqdr.f90:  NOT USED          
                rrtatm.f:  NOT USED                             util_xxx.f:  NOT USED          
                 extra.f:  NOT USED                       rrtmg_sw_k_g.f90:  $Revision: 33222 $

