

 Wavenumbers:   820. - 50000. cm-1, ATM      1
 LEVEL PRESSURE   UPWARD FLUX   DIFDOWN FLUX  DIRDOWN FLUX  DOWNWARD FLUX   NET FLUX    HEATING RATE
          mb          W/m2          W/m2          W/m2        W/m2          W/m2       degree/day
  60   .000300      231.1654        0.0000     1360.8491     1360.8491    1129.683736       0.00000
  59    0.1000      231.1603        0.0109     1360.7316     1360.7425    1129.582187       8.59567
  58    0.1403      231.1585        0.0153     1360.6725     1360.6878    1129.529304      11.07413
  57    0.1968      231.1562        0.0215     1360.5746     1360.5961    1129.439947      13.34690
  56    0.2760      231.1532        0.0301     1360.4148     1360.4449    1129.291655      15.80118
  55    0.3871      231.1496        0.0421     1360.1614     1360.2035    1129.053870      18.06212
  54    0.5430      231.1453        0.0586     1359.7638     1359.8224    1128.677097      20.39543
  53    0.7617      231.1409        0.0814     1359.1202     1359.2015    1128.060571      23.79035
  52     1.069      231.1378        0.1126     1358.0928     1358.2054    1127.067521      27.31582
  51     1.499      231.1390        0.1545     1356.5571     1356.7116    1125.572647      29.31782
  50     2.102      231.1510        0.2108     1354.4420     1354.6528    1123.501780      28.95353
  49     2.949      231.1869        0.2892     1351.8422     1352.1314    1120.944485      25.49184
  48     4.137      231.2625        0.3981     1349.1158     1349.5139    1118.251399      19.13720
  47     5.803      231.3868        0.5494     1346.4074     1346.9568    1115.570029      13.58333
  46     8.139      231.5571        0.7601     1343.6875     1344.4476    1112.890522       9.67722
  45     11.42      231.7622        1.0535     1340.8932     1341.9467    1110.184528       6.96695
  44     16.01      231.9963        1.4614     1337.8823     1339.3438    1107.347491       5.20742
  43     22.46      232.2529        2.0292     1334.5098     1336.5391    1104.286202       4.00581
  42     31.51      232.4828        2.8202     1330.7561     1333.5763    1101.093478       2.97837
  41     44.20      232.5836        3.9253     1326.6277     1330.5530    1097.969351       2.07767
  40     62.00      232.4814        5.4547     1321.9140     1327.3687    1094.887256       1.46127
  39     85.78      232.0187        7.4814     1316.7166     1324.1981    1092.179354       0.96119
  38     109.5      231.3668        9.5197     1311.9881     1321.5078    1090.140982       0.72354
  37     133.1      230.6852       11.4535     1307.6293     1319.0828    1088.397609       0.62607
  36     156.8      229.9908       13.3088     1303.5047     1316.8135    1086.822697       0.55847
  35     180.6      229.2105       15.2549     1299.1812     1314.4362    1085.225684       0.56697
  34     202.8      228.4172       17.1057     1294.8575     1311.9632    1083.546042       0.63773
  33     228.4      227.5842       18.9684     1290.0285     1308.9969    1081.412676       0.70388
  32     252.2      226.7325       20.8101     1284.6683     1305.4784    1078.745898       0.94660
  31     276.0      225.8747       22.6056     1278.7100     1301.3156    1075.440967       1.17311
  30     299.8      224.9972       24.3904     1271.8510     1296.2414    1071.244238       1.48967
  29     323.5      224.1104       26.1535     1264.2361     1290.3896    1066.279244       1.76237
  28     347.3      223.2258       27.8760     1256.1669     1284.0429    1060.817028       1.93886
  27     371.1      222.3474       29.5527     1247.9738     1277.5265    1055.179090       2.00124
  26     394.9      221.4531       31.2285     1239.3845     1270.6130    1049.159887       2.13657
  25     418.6      220.5592       32.8760     1230.5167     1263.3927    1042.833445       2.24563
  24     442.4      219.6658       34.4980     1221.3252     1255.8232    1036.157361       2.36973
  23     466.2      218.7705       36.1002     1211.9340     1248.0342    1029.263735       2.44695
  22     489.9      217.8873       37.6611     1202.5186     1240.1797    1022.292417       2.47453
  21     513.7      217.0037       39.2079     1192.9134     1232.1213    1015.117637       2.54675
  20     537.5      216.1357       40.7173     1183.2726     1223.9898    1007.854138       2.57824
  19     561.3      215.2845       42.1923     1173.5944     1215.7867    1000.502197       2.60964
  18     585.0      214.4329       43.6651     1163.7886     1207.4536     993.020756       2.65560
  17     608.8      213.6021       45.1012     1154.1285     1199.2297     985.627573       2.62428
  16     632.6      212.7947       46.5017     1144.5953     1191.0970     978.302248       2.60019
  15     656.4      211.9996       47.8954     1134.8909     1182.7863     970.786643       2.66773
  14     680.1      211.2407       49.2542     1125.1244     1174.3786     963.137901       2.71499
  13     703.9      210.5239       50.5791     1115.3112     1165.8903     955.366393       2.75857
  12     727.7      209.8481       51.8899     1105.3007     1157.1906     947.342516       2.84815
  11     751.5      209.2302       53.1858     1094.9869     1148.1727     938.942441       2.98168
  10     775.3      208.6943       54.4506     1084.5024     1138.9530     930.258644       3.08239
   9     799.0      208.2590       55.6845     1073.8552     1129.5396     921.280608       3.18683
   8     822.8      207.9255       56.9079     1063.0760     1119.9839     912.058395       3.27351
   7     846.6      207.6779       58.1087     1052.7135     1110.8222     903.144275       3.16415
   6     870.4      207.5293       59.2809     1042.7547     1102.0355     894.506224       3.06615
   5     894.1      207.4975       60.4253     1033.1206     1093.5459     886.048403       3.00218
   4     917.9      207.6100       61.5544     1023.6553     1085.2097     877.599690       2.99895
   3     941.7      207.9133       62.6642     1014.3215     1076.9858     869.072470       3.02681
   2     965.5      208.4614       63.7467     1005.1734     1068.9200     860.458622       3.05756
   1     989.2      209.3320       64.8024      996.2100     1061.0124     851.680379       3.11526
   0    1013.0      210.6497       65.8319      987.4169     1053.2487     842.598994       3.22420

  Modules and versions used in this calculation:

       rrtmg_sw.1col.f90:  $Revision: 33222 $            rrtmg_sw_init.f90:  $Revision: 33222 $
     rrtmgsw_cldprop.f90:  $Revision: 33222 $          rrtmgsw_cldprmc.f90:  NOT USED          
     rrtmg_sw_reftra.f90:  $Revision: 33222 $          rrtmg_sw_spcvrt.f90:  NOT USED          
     rrtmg_sw_spcvmc.f90:  NOT USED                    rrtmgsw_setcoef.f90:  NOT USED          
     rrtmg_sw_taumol.f90:  $Revision: 33222 $          rrtmg_sw_vrtqdr.f90:  NOT USED          
                rrtatm.f:  NOT USED                             util_xxx.f:  NOT USED          
                 extra.f:  NOT USED                       rrtmg_sw_k_g.f90:  $Revision: 33222 $

