

 Wavenumbers:   820. - 50000. cm-1, ATM      1
 LEVEL PRESSURE   UPWARD FLUX   DIFDOWN FLUX  DIRDOWN FLUX  DOWNWARD FLUX   NET FLUX    HEATING RATE
          mb          W/m2          W/m2          W/m2        W/m2          W/m2       degree/day
  51    .06700      315.0753        0.0000     1360.8491     1360.8491    1045.773803       0.00000
  50    .07753      315.0749        0.0013     1360.8273     1360.8285    1045.753679      16.13017
  49    .09103      315.0743        0.0028     1360.8078     1360.8106    1045.736338      10.83860
  48    0.1069      315.0736        0.0047     1360.7860     1360.7907    1045.717016      10.28493
  47    0.1255      315.0729        0.0068     1360.7600     1360.7667    1045.693808      10.52129
  46    0.1487      315.0721        0.0094     1360.7249     1360.7343    1045.662168      11.53327
  45    0.1794      315.0710        0.0130     1360.6734     1360.6864    1045.615397      12.83969
  44    0.2165      315.0698        0.0172     1360.6074     1360.6246    1045.554761      13.79369
  43    0.2613      315.0686        0.0223     1360.5219     1360.5442    1045.475622      14.91742
  42    0.3336      315.0668        0.0305     1360.3673     1360.3979    1045.331107      16.84899
  41    0.4307      315.0647        0.0415     1360.1456     1360.1871    1045.122394      18.14710
  40    0.5894      315.0621        0.0591     1359.7482     1359.8073    1044.745205      20.05845
  39     1.339      315.0647        0.1391     1357.3733     1357.5125    1042.447809      25.86451
  38     1.782      315.0763        0.1839     1355.8375     1356.0214    1040.945084      28.60946
  37     2.292      315.0990        0.2346     1354.1208     1354.3554    1039.256450      27.96819
  36     2.964      315.1427        0.3002     1352.1205     1352.4208    1037.278059      24.83478
  35     3.853      315.2200        0.3863     1349.9734     1350.3597    1035.139764      20.29281
  34     5.035      315.3419        0.5000     1347.7761     1348.2761    1032.934218      15.75550
  33     6.613      315.5153        0.6511     1345.5290     1346.1801    1030.664812      12.13225
  32     8.786      315.7410        0.8540     1343.2079     1344.0619    1028.320911       9.10287
  31     11.80      316.0308        1.1432     1340.6494     1341.7926    1025.761824       7.16464
  30     15.07      316.3035        1.4525     1338.4304     1339.8829    1023.579417       5.63455
  29     18.79      316.5775        1.8005     1336.2864     1338.0869    1021.509415       4.69333
  28     23.16      316.8583        2.2055     1334.1057     1336.3112    1019.452862       3.97671
  27     28.12      317.1331        2.6673     1331.9136     1334.5808    1017.447710       3.40862
  26     33.73      317.3703        3.1834     1329.7853     1332.9687    1015.598415       2.78047
  25     40.54      317.5732        3.8061     1327.5375     1331.3435    1013.770385       2.26788
  24     48.69      317.7359        4.5552     1325.1261     1329.6813    1011.945402       1.88857
  23     57.69      317.8338        5.3761     1322.7388     1328.1149    1010.281107       1.56003
  22     68.43      317.8602        6.3515     1320.1544     1326.5059    1008.645664       1.28568
  21     81.20      317.7622        7.5122     1317.3916     1324.9038    1007.141583       0.99387
  20     96.49      317.5215        8.8918     1314.3811     1323.2729    1005.751421       0.76727
  19     114.6      317.1765       10.5196     1310.9471     1321.4666    1004.290097       0.68234
  18     136.5      316.7209       12.4312     1306.9977     1319.4289    1002.708008       0.60835
  17     162.9      315.3425       37.9814     1277.8025     1315.7839    1000.441345       0.72452
  16     196.4      313.6403       62.6777     1248.6046     1311.2823     997.642005       0.70463
  15     218.7      312.1613       85.6974     1221.6455     1307.3429     995.181600       0.93412
  14     243.0      310.5887      107.3702     1195.0354     1302.4056     991.816944       1.16697
  13     269.0      308.9605      127.6945     1168.4302     1296.1247     987.164289       1.50930
  12     297.5      307.2568      147.3872     1140.7973     1288.1845     980.927755       1.84969
  11     328.5      301.8532      241.1907     1032.9235     1274.1143     972.261101       2.35644
  10     361.9      295.9165      318.3304      940.7224     1259.0528     963.136271       2.30867
   9     398.1      288.9268      409.8353      831.8758     1241.7111     952.784316       2.41177
   8     437.6      281.5121      482.5853      740.2653     1222.8506     941.338506       2.44719
   7     480.5      273.7446      541.6276      660.9210     1202.5486     928.804051       2.46172
   6     533.0      257.1545      653.2583      514.8769     1168.1351     910.980616       2.86722
   5     589.8      238.2911      714.2719      416.4056     1130.6775     892.386405       2.75999
   4     651.6      217.6738      747.1474      342.3535     1089.5009     871.827090       2.81154
   3     718.7      195.6172      763.6933      282.1723     1045.8656     850.248412       2.71184
   2     792.3      193.1959      747.5316      275.3325     1022.8641     829.668162       2.36032
   1     891.5      190.8621      725.4873      266.1140      991.6012     800.739092       2.46172
   0    1013.0      191.0446      699.7682      255.4546      955.2229     764.178288       2.53860

  Modules and versions used in this calculation:

       rrtmg_sw.1col.f90:  $Revision: 33222 $            rrtmg_sw_init.f90:  $Revision: 33222 $
     rrtmgsw_cldprop.f90:  NOT USED                    rrtmgsw_cldprmc.f90:  $Revision: 33222 $
     rrtmg_sw_reftra.f90:  $Revision: 33222 $          rrtmg_sw_spcvrt.f90:  NOT USED          
     rrtmg_sw_spcvmc.f90:  NOT USED                    rrtmgsw_setcoef.f90:  NOT USED          
     rrtmg_sw_taumol.f90:  $Revision: 33222 $          rrtmg_sw_vrtqdr.f90:  NOT USED          
                rrtatm.f:  NOT USED                             util_xxx.f:  NOT USED          
                 extra.f:  NOT USED                       rrtmg_sw_k_g.f90:  $Revision: 33222 $

