

 Wavenumbers:   820. - 50000. cm-1, ATM      1
 LEVEL PRESSURE   UPWARD FLUX   DIFDOWN FLUX  DIRDOWN FLUX  DOWNWARD FLUX   NET FLUX    HEATING RATE
          mb          W/m2          W/m2          W/m2        W/m2          W/m2       degree/day
  59    0.1000      256.5676        0.0000     1360.8491     1360.8491    1104.281487       0.00000
  58    0.1400      256.5659        0.0044     1360.7700     1360.7744    1104.208497      15.39925
  57    0.1970      256.5636        0.0106     1360.6656     1360.6761    1104.112579      14.20119
  56    0.2760      256.5607        0.0192     1360.4973     1360.5165    1103.955728      16.75554
  55    0.3870      256.5575        0.0311     1360.2162     1360.2472    1103.689783      20.21937
  54    0.5430      256.5541        0.0476     1359.7485     1359.7961    1103.241958      24.22603
  53    0.7620      256.5511        0.0705     1359.0015     1359.0720    1102.520898      27.78598
  52     1.070      256.5501        0.1009     1357.8888     1357.9897    1101.439624      29.62670
  51     1.500      256.5552        0.1427     1356.1988     1356.3414    1099.786274      32.44852
  50     2.100      256.5701        0.1994     1354.0972     1354.2966    1097.726471      28.97163
  49     2.950      256.5988        0.2782     1351.8433     1352.1216    1095.522748      21.87947
  48     4.130      256.6434        0.3880     1349.6358     1350.0238    1093.380388      15.32177
  47     5.800      256.7050        0.5407     1347.4520     1347.9926    1091.287628      10.57551
  46     8.130      256.7848        0.7533     1345.1751     1345.9284    1089.143567       7.76568
  45     11.41      256.8818        1.0492     1342.7079     1343.7571    1086.875345       5.83593
  44     16.01      256.9961        1.4601     1339.9281     1341.3882    1084.392119       4.55572
  43     22.46      257.1420        2.0290     1336.6282     1338.6572    1081.515145       3.76422
  42     31.51      257.3377        2.8150     1332.6189     1335.4339    1078.096174       3.18820
  41     44.20      257.5665        3.9026     1327.8040     1331.7066    1074.140122       2.63087
  40     62.00      257.7522        5.4066     1322.1310     1327.5376    1069.785440       2.06460
  39     85.77      257.6265        7.3970     1316.0883     1323.4853    1065.858818       1.39408
  38     109.5      257.2627        9.3690     1310.8699     1320.2389    1062.976158       1.02344
  37     133.3      256.7541       11.3085     1306.1391     1317.4475    1060.693426       0.81011
  36     157.1      256.1325       13.2323     1301.7285     1314.9608    1058.828270       0.66191
  35     180.9      255.4194       15.1342     1297.5383     1312.6725    1057.253147       0.55922
  34     204.7      254.6721       17.0022     1293.4065     1310.4087    1055.736589       0.53820
  33     228.4      253.9066       18.8483     1289.2005     1308.0488    1054.142176       0.56607
  32     252.2      253.1266       20.6656     1284.8824     1305.5480    1052.421382       0.61068
  31     276.0      252.3241       22.4590     1280.5653     1303.0242    1050.700117       0.61111
  30     299.8      251.5003       24.2265     1276.2839     1300.5104    1049.010096       0.59976
  29     323.5      250.6561       25.9629     1272.1283     1298.0912    1047.435055       0.55919
  28     347.3      249.7897       27.6892     1267.8782     1295.5673    1045.777630       0.58844
  27     371.1      248.9245       29.3803     1263.0375     1292.4178    1043.493351       0.81065
  26     394.9      248.0607       31.0459     1257.3469     1288.3928    1040.332076       1.12189
  25     418.6      247.1898       32.6983     1251.3901     1284.0884    1036.898639       1.21898
  24     442.4      246.3284       34.3073     1245.4620     1279.7693    1033.440879       1.22762
  23     466.2      245.4590       35.9120     1239.3762     1275.2881    1029.829102       1.28176
  22     489.9      244.6021       37.4820     1233.1568     1270.6388    1026.036716       1.34586
  21     513.7      243.7627       39.0143     1226.8116     1265.8258    1022.063074       1.41078
  20     537.5      242.9233       40.5469     1220.1629     1260.7098    1017.786478       1.51770
  19     561.3      242.1065       42.0453     1213.3419     1255.3872    1013.280699       1.59970
  18     585.0      241.3191       43.5056     1206.3658     1249.8714    1008.552322       1.67873
  17     608.8      240.5479       44.9590     1199.1415     1244.1005    1003.552600       1.77432
  16     632.6      239.7994       46.3900     1191.9457     1238.3357     998.536341       1.78019
  15     656.4      239.0795       47.7932     1184.8126     1232.6059     993.526341       1.77872
  14     680.1      238.3944       49.1657     1177.7612     1226.9269     988.532447       1.77300
  13     703.9      237.7312       50.5298     1170.7810     1221.3108     983.579586       1.75769
  12     727.7      237.0974       51.8658     1164.0452     1215.9110     978.813530       1.69140
  11     751.5      236.4942       53.1794     1157.4888     1210.6682     974.173966       1.64720
  10     775.3      235.9275       54.4660     1151.1183     1205.5843     969.656874       1.60304
   9     799.0      235.3919       55.7425     1144.8574     1200.5999     965.208072       1.57947
   8     822.8      234.8947       56.9936     1138.7985     1195.7921     960.897420       1.52978
   7     846.6      234.4393       58.2234     1132.9030     1191.1264     956.687101       1.49480
   6     870.4      234.0325       59.4300     1127.1604     1186.5904     952.557921       1.46538
   5     894.1      233.6814       60.6127     1121.5673     1182.1800     948.498592       1.44120
   4     917.9      233.3679       61.7848     1116.1582     1177.9431     944.575107       1.39297
   3     941.7      233.0938       62.9378     1110.9747     1173.9125     940.818666       1.33310
   2     965.5      232.8615       64.0731     1105.9959     1170.0690     937.207520       1.28154
   1     989.2      232.6839       65.1894     1101.1905     1166.3799     933.695927       1.24621
   0    1013.0      232.5656       66.2914     1096.5367     1162.8281     930.262457       1.21900

  Modules and versions used in this calculation:

       rrtmg_sw.1col.f90:  $Revision: 33222 $            rrtmg_sw_init.f90:  $Revision: 33222 $
     rrtmgsw_cldprop.f90:  $Revision: 33222 $          rrtmgsw_cldprmc.f90:  NOT USED          
     rrtmg_sw_reftra.f90:  $Revision: 33222 $          rrtmg_sw_spcvrt.f90:  NOT USED          
     rrtmg_sw_spcvmc.f90:  NOT USED                    rrtmgsw_setcoef.f90:  NOT USED          
     rrtmg_sw_taumol.f90:  $Revision: 33222 $          rrtmg_sw_vrtqdr.f90:  NOT USED          
                rrtatm.f:  NOT USED                             util_xxx.f:  NOT USED          
                 extra.f:  NOT USED                       rrtmg_sw_k_g.f90:  $Revision: 33222 $

