

 Wavenumbers:   820. - 50000. cm-1, ATM      1
 LEVEL PRESSURE   UPWARD FLUX   DIFDOWN FLUX  DIRDOWN FLUX  DOWNWARD FLUX   NET FLUX    HEATING RATE
          mb          W/m2          W/m2          W/m2        W/m2          W/m2       degree/day
  51    .06700      507.9899        0.0000     1360.8491     1360.8491     852.859212       0.00000
  50    .07753      507.9897        0.0014     1360.8273     1360.8287     852.839043      16.16559
  49    .09103      507.9893        0.0032     1360.8078     1360.8110     852.821639      10.87838
  48    0.1069      507.9890        0.0052     1360.7860     1360.7912     852.802233      10.32989
  47    0.1255      507.9887        0.0076     1360.7600     1360.7676     852.778913      10.57216
  46    0.1487      507.9883        0.0106     1360.7249     1360.7354     852.747108      11.59318
  45    0.1794      507.9880        0.0146     1360.6734     1360.6880     852.700081      12.90994
  44    0.2165      507.9877        0.0194     1360.6074     1360.6268     852.639099      13.87238
  43    0.2613      507.9875        0.0250     1360.5219     1360.5470     852.559491      15.00567
  42    0.3336      507.9876        0.0344     1360.3673     1360.4017     852.414088      16.95258
  41    0.4307      507.9882        0.0466     1360.1456     1360.1923     852.204037      18.26345
  40    0.5894      507.9905        0.0665     1359.7482     1359.8148     851.824298      20.19408
  39     1.339      508.0224        0.1572     1357.3733     1357.5306     849.508128      26.07587
  38     1.782      508.0562        0.2083     1355.8375     1356.0457     847.989480      28.91260
  37     2.292      508.1092        0.2662     1354.1208     1354.3870     846.277879      28.34858
  36     2.964      508.1995        0.3414     1352.1205     1352.4619     844.262376      25.30065
  35     3.853      508.3482        0.4400     1349.9734     1350.4134     842.065259      20.85105
  34     5.035      508.5746        0.5704     1347.7761     1348.3465     839.771905      16.38277
  33     6.613      508.8927        0.7439     1345.5290     1346.2728     837.380154      12.78630
  32     8.786      509.3085        0.9769     1343.2079     1344.1848     834.876294       9.72409
  31     11.80      509.8517        1.3093     1340.6494     1341.9587     832.106938       7.75332
  30     15.07      510.3751        1.6650     1338.4304     1340.0955     829.720305       6.16182
  29     18.79      510.9132        2.0656     1336.2864     1338.3520     827.438856       5.17275
  28     23.16      511.4804        2.5323     1334.1057     1336.6379     825.157492       4.41142
  27     28.12      512.0569        3.0647     1331.9136     1334.9782     822.921271       3.80142
  26     33.73      512.5938        3.6601     1329.7853     1333.4455     820.851624       3.11177
  25     40.54      513.1144        4.3790     1327.5375     1331.9165     818.802155       2.54260
  24     48.69      513.6171        5.2447     1325.1261     1330.3708     816.753743       2.11979
  23     57.69      514.0464        6.1942     1322.7388     1328.9330     814.886527       1.75023
  22     68.43      514.4219        7.3235     1320.1544     1327.4778     813.055930       1.43909
  21     81.20      514.6752        8.6684     1317.3916     1326.0601     811.384873       1.10421
  20     96.49      514.7928       10.2690     1314.3811     1324.6501     809.857357       0.84308
  19     114.6      514.8445       12.1603     1310.9471     1323.1074     808.262883       0.74451
  18     136.5      514.8401       14.3857     1306.9977     1321.3834     806.543272       0.66123
  17     162.9      514.7759       17.0131     1302.3518     1319.3649     804.589013       0.62466
  16     196.4      514.5634       20.3901     1296.2678     1316.6579     802.094444       0.62791
  15     218.7      514.3881       22.5859     1291.7724     1314.3583     799.970264       0.80647
  14     243.0      514.2104       24.9528     1286.1481     1311.1009     796.890505       1.06816
  13     269.0      514.0870       27.4947     1279.0245     1306.5192     792.432176       1.44626
  12     297.5      506.0211      515.2750      766.1735     1281.4485     775.427344       5.04345
  11     328.5      488.6428      788.8977      458.5779     1247.4756     758.832728       4.51203
  10     361.9      488.0602      785.0427      454.6619     1239.7047     751.644457       1.81870
   9     398.1      487.5113      780.8062      450.3641     1231.1703     743.659033       1.86042
   8     437.6      487.0643      775.8916      445.5376     1221.4292     734.364875       1.98715
   7     480.5      486.8103      770.3437      440.1996     1210.5433     723.733053       2.08805
   6     533.0      486.9896      763.2253      433.4722     1196.6975     709.707953       2.25619
   5     589.8      488.3398      755.0988      426.0029     1181.1017     692.761898       2.51535
   4     651.6      310.4954      930.9209       31.9395      962.8605     652.365102       5.52437
   3     718.7      147.4821      768.2619        3.8904      772.1523     624.670231       3.48048
   2     792.3      144.9713      750.4197        3.7900      754.2097     609.238347       1.76986
   1     891.5      142.1438      726.3363        3.6542      729.9905     587.846689       1.82033
   0    1013.0      140.3751      698.3786        3.4968      701.8754     561.500335       1.82936

  Modules and versions used in this calculation:

       rrtmg_sw.1col.f90:  $Revision: 33222 $            rrtmg_sw_init.f90:  $Revision: 33222 $
     rrtmgsw_cldprop.f90:  $Revision: 33222 $          rrtmgsw_cldprmc.f90:  NOT USED          
     rrtmg_sw_reftra.f90:  $Revision: 33222 $          rrtmg_sw_spcvrt.f90:  NOT USED          
     rrtmg_sw_spcvmc.f90:  NOT USED                    rrtmgsw_setcoef.f90:  NOT USED          
     rrtmg_sw_taumol.f90:  $Revision: 33222 $          rrtmg_sw_vrtqdr.f90:  NOT USED          
                rrtatm.f:  NOT USED                             util_xxx.f:  NOT USED          
                 extra.f:  NOT USED                       rrtmg_sw_k_g.f90:  $Revision: 33222 $

