

 Wavenumbers:   820. - 50000. cm-1, ATM      1
 LEVEL PRESSURE   UPWARD FLUX   DIFDOWN FLUX  DIRDOWN FLUX  DOWNWARD FLUX   NET FLUX    HEATING RATE
          mb          W/m2          W/m2          W/m2        W/m2          W/m2       degree/day
  51    .06700      320.1600        0.0000     1360.8491     1360.8491    1040.689124       0.00000
  50    .07753      320.1595        0.0013     1360.8273     1360.8285    1040.668998      16.13171
  49    .09103      320.1590        0.0029     1360.8078     1360.8106    1040.651654      10.84032
  48    0.1069      320.1583        0.0047     1360.7860     1360.7907    1040.632329      10.28687
  47    0.1255      320.1576        0.0068     1360.7600     1360.7668    1040.609116      10.52347
  46    0.1487      320.1568        0.0094     1360.7249     1360.7343    1040.577469      11.53583
  45    0.1794      320.1558        0.0130     1360.6734     1360.6865    1040.530687      12.84268
  44    0.2165      320.1546        0.0173     1360.6074     1360.6247    1040.470036      13.79702
  43    0.2613      320.1534        0.0223     1360.5219     1360.5443    1040.390877      14.92114
  42    0.3336      320.1516        0.0306     1360.3673     1360.3979    1040.246325      16.85334
  41    0.4307      320.1496        0.0416     1360.1456     1360.1872    1040.037557      18.15196
  40    0.5894      320.1472        0.0592     1359.7482     1359.8075    1039.660261      20.06410
  39     1.339      320.1508        0.1395     1357.3733     1357.5128    1037.362087      25.87326
  38     1.782      320.1632        0.1844     1355.8375     1356.0219    1035.858703      28.62201
  37     2.292      320.1870        0.2352     1354.1208     1354.3561    1034.169117      27.98396
  36     2.964      320.2325        0.3011     1352.1205     1352.4216    1032.189185      24.85413
  35     3.853      320.3124        0.3874     1349.9734     1350.3609    1030.048444      20.31602
  34     5.035      320.4383        0.5014     1347.7761     1348.2776    1027.839245      15.78160
  33     6.613      320.6173        0.6531     1345.5290     1346.1820    1025.564749      12.15946
  32     8.786      320.8503        0.8566     1343.2079     1344.0645    1023.214197       9.12869
  31     11.80      321.1497        1.1467     1340.6494     1341.7961    1020.646385       7.18907
  30     15.07      321.4319        1.4570     1338.4304     1339.8874    1018.455529       5.65636
  29     18.79      321.7157        1.8060     1336.2864     1338.0925    1016.376810       4.71310
  28     23.16      322.0070        2.2124     1334.1057     1336.3181    1014.311033       3.99455
  27     28.12      322.2927        2.6756     1331.9136     1334.5892    1012.296453       3.42465
  26     33.73      322.5405        3.1934     1329.7853     1332.9788    1010.438227       2.79389
  25     40.54      322.7543        3.8181     1327.5375     1331.3556    1008.601291       2.27893
  24     48.69      322.9284        4.5697     1325.1261     1329.6958    1006.767408       1.89778
  23     57.69      323.0370        5.3933     1322.7388     1328.1321    1005.095129       1.56751
  22     68.43      323.0742        6.3720     1320.1544     1326.5263    1003.452125       1.29162
  21     81.20      322.9864        7.5365     1317.3916     1324.9281    1001.941739       0.99804
  20     96.49      322.7553        8.9207     1314.3811     1323.3019    1000.546601       0.77002
  19     114.6      322.4199       10.5540     1310.9471     1321.5011     999.081146       0.68426
  18     136.5      321.9749       12.4722     1306.9977     1319.4700     997.495028       0.60990
  17     162.9      320.9801       37.8374     1278.3510     1316.1883     995.208197       0.73096
  16     196.4      319.6220       61.2250     1250.7988     1312.0238     992.401774       0.70641
  15     218.7      318.4362       81.3441     1227.0156     1308.3597     989.923501       0.94091
  14     243.0      317.1051       99.4605     1204.1859     1303.6464     986.541341       1.17305
  13     269.0      315.6410      115.7076     1181.8141     1297.5217     981.880667       1.51190
  12     297.5      314.0672      130.2182     1159.4920     1289.7102     975.643046       1.85001
  11     328.5      309.5591      221.6550     1054.9128     1276.5678     967.008686       2.34766
  10     361.9      304.2305      293.5681      968.5656     1262.1337     957.903143       2.30379
   9     398.1      297.6654      370.8820      874.3987     1245.2807     947.615308       2.39683
   8     437.6      290.2346      424.6904      801.8122     1226.5027     936.268022       2.42612
   7     480.5      282.0601      460.7099      745.2510     1205.9610     923.900889       2.42886
   6     533.0      263.7754      513.4246      656.9387     1170.3633     906.587927       2.78511
   5     589.8      242.5754      519.6125      611.5434     1131.1559     888.580539       2.67289
   4     651.6      219.2052      504.0438      584.0251     1088.0689     868.863728       2.69633
   3     718.7      194.1422      478.5683      563.8831     1042.4514     848.309194       2.58314
   2     792.3      191.8890      470.8040      549.0756     1019.8796     827.990610       2.33031
   1     891.5      189.8289      460.0163      528.9700      988.9862     799.157296       2.45358
   0    1013.0      190.5687      447.1533      505.6903      952.8436     762.274910       2.56093

  Modules and versions used in this calculation:

       rrtmg_sw.1col.f90:  $Revision: 33222 $            rrtmg_sw_init.f90:  $Revision: 33222 $
     rrtmgsw_cldprop.f90:  NOT USED                    rrtmgsw_cldprmc.f90:  $Revision: 33222 $
     rrtmg_sw_reftra.f90:  $Revision: 33222 $          rrtmg_sw_spcvrt.f90:  NOT USED          
     rrtmg_sw_spcvmc.f90:  NOT USED                    rrtmgsw_setcoef.f90:  NOT USED          
     rrtmg_sw_taumol.f90:  $Revision: 33222 $          rrtmg_sw_vrtqdr.f90:  NOT USED          
                rrtatm.f:  NOT USED                             util_xxx.f:  NOT USED          
                 extra.f:  NOT USED                       rrtmg_sw_k_g.f90:  $Revision: 33222 $

