

 Wavenumbers:   820. - 50000. cm-1, ATM      1
 LEVEL PRESSURE   UPWARD FLUX   DIFDOWN FLUX  DIRDOWN FLUX  DOWNWARD FLUX   NET FLUX    HEATING RATE
          mb          W/m2          W/m2          W/m2        W/m2          W/m2       degree/day
  51    .06700      174.6361        0.0000     1360.8491     1360.8491    1186.213085       0.00000
  50    .07753      174.6354        0.0011     1360.8273     1360.8284    1186.192994      16.10311
  49    .09103      174.6346        0.0025     1360.8078     1360.8103    1186.175702      10.80816
  48    0.1069      174.6337        0.0042     1360.7860     1360.7901    1186.156445      10.25045
  47    0.1255      174.6327        0.0060     1360.7600     1360.7660    1186.133324      10.48221
  46    0.1487      174.6314        0.0084     1360.7249     1360.7332    1186.101810      11.48716
  45    0.1794      174.6298        0.0116     1360.6734     1360.6850    1186.055237      12.78553
  44    0.2165      174.6279        0.0154     1360.6074     1360.6227    1185.994867      13.73293
  43    0.2613      174.6257        0.0198     1360.5219     1360.5418    1185.916090      14.84917
  42    0.3336      174.6222        0.0272     1360.3673     1360.3945    1185.772264      16.76873
  41    0.4307      174.6179        0.0369     1360.1456     1360.1825    1185.564590      18.05680
  40    0.5894      174.6114        0.0525     1359.7482     1359.8008    1185.189383      19.95300
  39     1.339      174.5899        0.1232     1357.3733     1357.4965    1182.906621      25.69976
  38     1.782      174.5836        0.1624     1355.8375     1355.9999    1181.416307      28.37318
  37     2.292      174.5820        0.2067     1354.1208     1354.3276    1179.745558      27.67196
  36     2.964      174.5885        0.2640     1352.1205     1352.3845    1177.796044      24.47229
  35     3.853      174.6089        0.3390     1349.9734     1350.3124    1175.703497      19.85865
  34     5.035      174.6478        0.4379     1347.7761     1348.2141    1173.566235      15.26772
  33     6.613      174.7064        0.5694     1345.5290     1346.0984    1171.392005      11.62344
  32     8.786      174.7810        0.7458     1343.2079     1343.9537    1169.172660       8.61913
  31     11.80      174.8688        0.9969     1340.6494     1341.6463    1166.777592       6.70544
  30     15.07      174.9408        1.2653     1338.4304     1339.6957    1164.754899       5.22220
  29     18.79      175.0026        1.5669     1336.2864     1337.8533    1162.850725       4.31735
  28     23.16      175.0522        1.9177     1334.1057     1336.0233    1160.971100       3.63459
  27     28.12      175.0821        2.3171     1331.9136     1334.2307    1159.148539       3.09823
  26     33.73      175.0745        2.7632     1329.7853     1332.5486    1157.474128       2.51752
  25     40.54      175.0158        3.3010     1327.5375     1330.8384    1155.822623       2.04888
  24     48.69      174.8967        3.9472     1325.1261     1329.0733    1154.176590       1.70339
  23     57.69      174.7177        4.6545     1322.7388     1327.3933    1152.675535       1.40701
  22     68.43      174.4506        5.4939     1320.1544     1325.6483    1151.197672       1.16180
  21     81.20      174.0544        6.4914     1317.3916     1323.8830    1149.828659       0.90462
  20     96.49      173.5070        7.6754     1314.3811     1322.0565    1148.549454       0.70603
  19     114.6      172.8190        9.0695     1310.9471     1320.0166    1147.197568       0.63124
  18     136.5      171.9723       10.7029     1306.9977     1317.7007    1145.728381       0.56494
  17     162.9      170.9331       12.6220     1302.3518     1314.9739    1144.040762       0.53943
  16     196.4      169.5223       15.0743     1296.2678     1311.3421    1141.819796       0.55904
  15     218.7      168.5710       16.6594     1291.7724     1308.4319    1139.860828       0.74375
  14     243.0      167.5265       18.3598     1286.1481     1304.5079    1136.981409       0.99868
  13     269.0      166.3886       20.1761     1279.0245     1299.2007    1132.812070       1.35251
  12     297.5      165.1646       22.1084     1270.1087     1292.2170    1127.052470       1.70823
  11     328.5      164.1612       38.1585     1240.8733     1279.0318    1114.870567       3.31223
  10     361.9      163.1804       71.0593     1186.7729     1257.8322    1094.651809       5.11555
   9     398.1      162.1715      129.0185     1093.8309     1222.8494    1060.677873       7.91516
   8     437.6      161.0487      179.8801     1006.8382     1186.7183    1025.669596       7.48499
   7     480.5      159.8541      263.1918      861.1480     1124.3398     964.485709      12.01628
   6     533.0      158.3730      325.6848      734.0514     1059.7362     901.363217      10.15440
   5     589.8      157.0098      371.0925      624.3821      995.4746     838.464784       9.33619
   4     651.6      155.7864      400.6552      529.3555      930.0106     774.224229       8.78507
   3     718.7      154.6350      407.6951      480.9788      888.6740     734.038938       5.05018
   2     792.3      153.8125      410.9184      435.6891      846.6075     692.794975       4.73022
   1     891.5      153.1493      404.4571      404.8643      809.3214     656.172131       3.11643
   0    1013.0      154.8682      393.1976      381.1435      774.3411     619.472887       2.54822

  Modules and versions used in this calculation:

       rrtmg_sw.1col.f90:  $Revision: 33222 $            rrtmg_sw_init.f90:  $Revision: 33222 $
     rrtmgsw_cldprop.f90:  $Revision: 33222 $          rrtmgsw_cldprmc.f90:  NOT USED          
     rrtmg_sw_reftra.f90:  $Revision: 33222 $          rrtmg_sw_spcvrt.f90:  NOT USED          
     rrtmg_sw_spcvmc.f90:  NOT USED                    rrtmgsw_setcoef.f90:  NOT USED          
     rrtmg_sw_taumol.f90:  $Revision: 33222 $          rrtmg_sw_vrtqdr.f90:  NOT USED          
                rrtatm.f:  NOT USED                             util_xxx.f:  NOT USED          
                 extra.f:  NOT USED                       rrtmg_sw_k_g.f90:  $Revision: 33222 $

