

 Wavenumbers:   820. - 50000. cm-1, ATM      1
 LEVEL PRESSURE   UPWARD FLUX   DIFDOWN FLUX  DIRDOWN FLUX  DOWNWARD FLUX   NET FLUX    HEATING RATE
          mb          W/m2          W/m2          W/m2        W/m2          W/m2       degree/day
  51    .06700      316.5393        0.0000     1360.8491     1360.8491    1044.309872       0.00000
  50    .07753      316.5388        0.0013     1360.8273     1360.8285    1044.289747      16.13045
  49    .09103      316.5382        0.0028     1360.8078     1360.8106    1044.272405      10.83891
  48    0.1069      316.5376        0.0047     1360.7860     1360.7907    1044.253083      10.28527
  47    0.1255      316.5369        0.0068     1360.7600     1360.7667    1044.229875      10.52167
  46    0.1487      316.5360        0.0094     1360.7249     1360.7343    1044.198233      11.53371
  45    0.1794      316.5350        0.0130     1360.6734     1360.6864    1044.151460      12.84021
  44    0.2165      316.5338        0.0173     1360.6074     1360.6246    1044.090822      13.79427
  43    0.2613      316.5326        0.0223     1360.5219     1360.5442    1044.011679      14.91806
  42    0.3336      316.5307        0.0306     1360.3673     1360.3979    1043.867158      16.84973
  41    0.4307      316.5287        0.0415     1360.1456     1360.1871    1043.658436      18.14793
  40    0.5894      316.5262        0.0592     1359.7482     1359.8074    1043.281228      20.05943
  39     1.339      316.5289        0.1393     1357.3733     1357.5126    1040.983698      25.86602
  38     1.782      316.5407        0.1841     1355.8375     1356.0216    1039.480860      28.61161
  37     2.292      316.5636        0.2348     1354.1208     1354.3557    1037.792064      27.97086
  36     2.964      316.6077        0.3006     1352.1205     1352.4211    1035.813414      24.83804
  35     3.853      316.6855        0.3867     1349.9734     1350.3602    1033.674710      20.29669
  34     5.035      316.8081        0.5005     1347.7761     1348.2767    1031.468560      15.75982
  33     6.613      316.9825        0.6519     1345.5290     1346.1809    1029.198318      12.13672
  32     8.786      317.2096        0.8551     1343.2079     1344.0629    1026.853336       9.10706
  31     11.80      317.5011        1.1446     1340.6494     1341.7940    1024.292846       7.16856
  30     15.07      317.7756        1.4543     1338.4304     1339.8847    1022.109098       5.63801
  29     18.79      318.0514        1.8027     1336.2864     1338.0891    1020.037730       4.69643
  28     23.16      318.3342        2.2083     1334.1057     1336.3139    1017.979754       3.97946
  27     28.12      318.6110        2.6706     1331.9136     1334.5842    1015.973171       3.41106
  26     33.73      318.8502        3.1874     1329.7853     1332.9727    1014.122544       2.78247
  25     40.54      319.0551        3.8109     1327.5375     1331.3483    1012.293209       2.26950
  24     48.69      319.2202        4.5610     1325.1261     1329.6871    1010.466947       1.88989
  23     57.69      319.3202        5.3830     1322.7388     1328.1218    1008.801526       1.56108
  22     68.43      319.3490        6.3597     1320.1544     1326.5140    1007.165032       1.28650
  21     81.20      319.2534        7.5219     1317.3916     1324.9135    1005.660073       0.99445
  20     96.49      319.0152        8.9033     1314.3811     1323.2844    1004.269200       0.76766
  19     114.6      318.6732       10.5333     1310.9471     1321.4804    1002.807205       0.68265
  18     136.5      318.2208       12.4475     1306.9977     1319.4453    1001.224436       0.60861
  17     162.9      316.8912       37.7791     1278.0715     1315.8506     998.959393       0.72400
  16     196.4      315.2233       62.3174     1249.0704     1311.3878     996.164545       0.70350
  15     218.7      313.7960       84.1021     1223.3904     1307.4925     993.696453       0.93704
  14     243.0      312.2500      104.8757     1197.7000     1302.5757     990.325729       1.16908
  13     269.0      310.6263      124.3259     1171.9738     1296.2997     985.673416       1.50919
  12     297.5      308.9418      142.7441     1145.6323     1288.3764     979.434613       1.85036
  11     328.5      303.6656      236.1011     1038.3263     1274.4274     970.761806       2.35811
  10     361.9      297.8867      311.2307      948.2643     1259.4950     961.608261       2.31594
   9     398.1      290.9665      400.4529      841.7479     1242.2008     951.234296       2.41690
   8     437.6      283.4923      469.7394      753.5233     1223.2627     939.770382       2.45106
   7     480.5      275.6502      523.3932      679.4985     1202.8917     927.241553       2.46061
   6     533.0      258.5819      623.2945      544.7766     1168.0711     909.489168       2.85579
   5     589.8      239.4217      672.1017      458.3351     1130.4368     891.015066       2.74216
   4     651.6      218.1330      698.0232      390.7320     1088.7552     870.622246       2.78877
   3     718.7      195.1932      708.1494      336.2754     1044.4248     849.231554       2.68822
   2     792.3      192.8049      693.5820      327.9618     1021.5438     828.738869       2.35028
   1     891.5      190.5257      673.7013      316.6943      990.3955     799.869840       2.45662
   0    1013.0      190.8173      650.4738      303.6128      954.0865     763.269214       2.54137

  Modules and versions used in this calculation:

       rrtmg_sw.1col.f90:  $Revision: 33222 $            rrtmg_sw_init.f90:  $Revision: 33222 $
     rrtmgsw_cldprop.f90:  NOT USED                    rrtmgsw_cldprmc.f90:  $Revision: 33222 $
     rrtmg_sw_reftra.f90:  $Revision: 33222 $          rrtmg_sw_spcvrt.f90:  NOT USED          
     rrtmg_sw_spcvmc.f90:  NOT USED                    rrtmgsw_setcoef.f90:  NOT USED          
     rrtmg_sw_taumol.f90:  $Revision: 33222 $          rrtmg_sw_vrtqdr.f90:  NOT USED          
                rrtatm.f:  NOT USED                             util_xxx.f:  NOT USED          
                 extra.f:  NOT USED                       rrtmg_sw_k_g.f90:  $Revision: 33222 $

