

 Wavenumbers:   820. - 50000. cm-1, ATM      1
 LEVEL PRESSURE   UPWARD FLUX   DIFDOWN FLUX  DIRDOWN FLUX  DOWNWARD FLUX   NET FLUX    HEATING RATE
          mb          W/m2          W/m2          W/m2        W/m2          W/m2       degree/day
  47   .000061      175.3415        0.0000      962.6656      962.6656     787.324024       0.00000
  46   .000117      175.3415        0.0000      962.6655      962.6655     787.323928      14.41296
  45   .000258      175.3415        0.0000      962.6651      962.6651     787.323552      22.52465
  44   .000625      175.3415        0.0001      962.6640      962.6641     787.322560      22.81127
  43   .001640      175.3414        0.0002      962.6616      962.6618     787.320362      18.27510
  42   .004480      175.3413        0.0005      962.6560      962.6564     787.315134      15.53443
  41    .01200      175.3408        0.0013      962.6461      962.6473     787.306480       9.71171
  40    .03000      175.3398        0.0031      962.6309      962.6340     787.294227       5.74498
  39    .06700      175.3376        0.0069      962.5992      962.6062     787.268616       5.84147
  38    0.1390      175.3336        0.0144      962.5128      962.5273     787.193680       8.78328
  37    0.2720      175.3270        0.0281      962.2827      962.3108     786.983828      13.31560
  36    0.5150      175.3166        0.0526      961.7458      961.7984     786.481846      17.43333
  35    0.9510      175.3021        0.0953      960.5531      960.6483     785.346286      21.97970
  34     1.290      175.2943        0.1269      959.5361      959.6631     784.368808      24.33357
  33     1.760      175.2881        0.1690      958.1598      958.3288     783.040656      23.84781
  32     2.410      175.2883        0.2262      956.4429      956.6692     781.380851      21.54975
  31     3.330      175.3036        0.3057      954.5096      954.8152     779.511600      17.14661
  30     4.640      175.3449        0.4175      952.4371      952.8546     777.509669      12.89663
  29     6.520      175.4182        0.5765      950.2172      950.7936     775.375439       9.58036
  28     9.300      175.5184        0.8057      947.8324      948.6381     773.119637       6.84786
  27     13.20      175.6318        1.1371      945.2100      946.3471     770.715346       5.20260
  26     19.07      175.7463        1.6181      942.1894      943.8075     768.061230       3.81575
  25     27.70      175.8343        2.3204      938.6286      940.9490     765.114699       2.88137
  24     32.20      175.8420        2.6847      937.0554      939.7400     763.898080       2.28161
  23     37.60      175.8164        3.1098      935.4073      938.5171     762.700648       1.87135
  22     43.70      175.7549        3.6052      933.6511      937.2563     761.501374       1.65916
  21     51.00      175.6483        4.1824      931.7708      935.9532     760.304910       1.38317
  20     59.50      175.4865        4.8556      929.7410      934.5966     759.110106       1.18625
  19     69.50      175.2508        5.6410      927.5548      933.1959     757.945112       0.98316
  18     81.20      174.9120        6.5587      925.2220      931.7807     756.868626       0.77646
  17     95.00      174.4570        7.6296      922.6901      930.3198     755.862804       0.61509
  16     111.0      173.8962        8.8730      919.8391      928.7122     754.815972       0.55215
  15     130.0      173.2192       10.2993      916.6100      926.9092     753.690068       0.50009
  14     153.0      172.4069       11.9542      912.9028      924.8570     752.450101       0.45497
  13     179.0      171.4245       13.8617      908.6226      922.4842     751.059687       0.45130
  12     209.0      170.2597       16.0115      903.4379      919.4495     749.189769       0.52602
  11     243.0      168.9213       18.3856      896.6005      914.9861     746.064865       0.77563
  10     281.0      167.3970       20.9887      887.1180      908.1067     740.709734       1.18928
   9     324.0      165.6758       23.8225      875.3347      899.1572     733.481445       1.41862
   8     372.0      163.7465       26.8857      862.1842      889.0699     725.323413       1.43431
   7     426.0      161.5976       30.1726      846.9820      877.1547     715.557014       1.52630
   6     487.0      159.2189       33.6753      829.5115      863.1869     703.967956       1.60331
   5     554.0      156.6083       37.3802      810.0486      847.4288     690.820453       1.65603
   4     628.0      153.8045       41.2591      787.6311      828.8902     675.085670       1.79443
   3     710.0      150.9010       45.2735      762.0309      807.3043     656.403367       1.92272
   2     802.0      148.1139       49.3818      733.6089      782.9908     634.876824       1.97463
   1     902.0      145.9333       53.5352      702.7358      756.2710     610.337767       2.07089
   0    1013.0      145.6307       57.6843      670.4690      728.1533     582.522610       2.11474



 Wavenumbers:  2600. -  3250. cm-1, ATM      1
 LEVEL PRESSURE   UPWARD FLUX   DIFDOWN FLUX  DIRDOWN FLUX  DOWNWARD FLUX   NET FLUX    HEATING RATE
          mb          W/m2          W/m2          W/m2        W/m2          W/m2       degree/day
  47   .000061        0.5334        0.0000        8.4843        8.4843       7.950841       0.00000
  46   .000117        0.5334        0.0000        8.4843        8.4843       7.950841       0.00457
  45   .000258        0.5334        0.0000        8.4843        8.4843       7.950841       0.00494
  44   .000625        0.5334        0.0000        8.4843        8.4843       7.950841       0.00533
  43   .001640        0.5334        0.0000        8.4843        8.4843       7.950840       0.00568
  42   .004480        0.5334        0.0000        8.4843        8.4843       7.950838       0.00605
  41    .01200        0.5334        0.0000        8.4843        8.4843       7.950833       0.00615
  40    .03000        0.5334        0.0000        8.4843        8.4843       7.950820       0.00604
  39    .06700        0.5334        0.0000        8.4842        8.4842       7.950793       0.00615
  38    0.1390        0.5334        0.0000        8.4842        8.4842       7.950741       0.00611
  37    0.2720        0.5334        0.0000        8.4841        8.4841       7.950644       0.00610
  36    0.5150        0.5334        0.0000        8.4839        8.4839       7.950466       0.00621
  35    0.9510        0.5334        0.0000        8.4835        8.4835       7.950097       0.00713
  34     1.290        0.5334        0.0000        8.4832        8.4832       7.949750       0.00864
  33     1.760        0.5334        0.0000        8.4826        8.4826       7.949175       0.01033
  32     2.410        0.5334        0.0000        8.4817        8.4817       7.948232       0.01225
  31     3.330        0.5334        0.0000        8.4802        8.4802       7.946718       0.01389
  30     4.640        0.5334        0.0000        8.4778        8.4778       7.944346       0.01528
  29     6.520        0.5334        0.0000        8.4742        8.4742       7.940733       0.01622
  28     9.300        0.5334        0.0000        8.4689        8.4689       7.935414       0.01615
  27     13.20        0.5334        0.0000        8.4614        8.4614       7.927969       0.01611
  26     19.07        0.5334        0.0000        8.4517        8.4517       7.918271       0.01394
  25     27.70        0.5334        0.0000        8.4398        8.4399       7.906414       0.01159
  24     32.20        0.5334        0.0000        8.4342        8.4342       7.900788       0.01055
  23     37.60        0.5334        0.0000        8.4276        8.4276       7.894178       0.01033
  22     43.70        0.5334        0.0000        8.4197        8.4197       7.886250       0.01097
  21     51.00        0.5334        0.0000        8.4099        8.4099       7.876472       0.01130
  20     59.50        0.5334        0.0000        8.3976        8.3976       7.864159       0.01223
  19     69.50        0.5335        0.0000        8.3820        8.3820       7.848567       0.01316
  18     81.20        0.5335        0.0000        8.3624        8.3624       7.828931       0.01416
  17     95.00        0.5335        0.0000        8.3380        8.3380       7.804562       0.01490
  16     111.0        0.5335        0.0000        8.3075        8.3076       7.774073       0.01608
  15     130.0        0.5335        0.0001        8.2712        8.2713       7.737753       0.01613
  14     153.0        0.5336        0.0001        8.2286        8.2287       7.695074       0.01566
  13     179.0        0.5337        0.0001        8.1795        8.1796       7.645966       0.01594
  12     209.0        0.5338        0.0001        8.1230        8.1230       7.589282       0.01595
  11     243.0        0.5340        0.0001        8.0509        8.0509       7.516931       0.01796
  10     281.0        0.5345        0.0001        7.9534        7.9536       7.419070       0.02173
   9     324.0        0.5353        0.0001        7.8311        7.8312       7.295931       0.02417
   8     372.0        0.5365        0.0001        7.6846        7.6847       7.148214       0.02597
   7     426.0        0.5384        0.0001        7.4931        7.4932       6.954767       0.03023
   6     487.0        0.5415        0.0002        7.2267        7.2269       6.685402       0.03727
   5     554.0        0.5462        0.0002        6.8711        6.8713       6.325122       0.04538
   4     628.0        0.5543        0.0002        6.3995        6.3997       5.845349       0.05471
   3     710.0        0.5686        0.0002        5.8525        5.8526       5.284087       0.05776
   2     802.0        0.5951        0.0002        5.2415        5.2416       4.646538       0.05848
   1     902.0        0.6482        0.0002        4.5566        4.5568       3.908577       0.06228
   0    1013.0        0.7698        0.0002        3.8491        3.8492       3.079392       0.06304



 Wavenumbers:  3250. -  4000. cm-1, ATM      1
 LEVEL PRESSURE   UPWARD FLUX   DIFDOWN FLUX  DIRDOWN FLUX  DOWNWARD FLUX   NET FLUX    HEATING RATE
          mb          W/m2          W/m2          W/m2        W/m2          W/m2       degree/day
  47   .000061        0.0007        0.0000       14.3023       14.3023      14.301609       0.00000
  46   .000117        0.0007        0.0000       14.3023       14.3023      14.301600       1.29573
  45   .000258        0.0007        0.0000       14.3022       14.3022      14.301563       2.24459
  44   .000625        0.0007        0.0000       14.3021       14.3021      14.301416       3.36311
  43   .001640        0.0007        0.0000       14.3016       14.3016      14.300934       4.00872
  42   .004480        0.0007        0.0000       14.3003       14.3003      14.299607       3.94343
  41    .01200        0.0007        0.0000       14.2974       14.2974      14.296722       3.23754
  40    .03000        0.0007        0.0000       14.2929       14.2929      14.292254       2.09472
  39    .06700        0.0007        0.0000       14.2875       14.2875      14.286805       1.24302
  38    0.1390        0.0007        0.0000       14.2799       14.2799      14.279192       0.89229
  37    0.2720        0.0007        0.0000       14.2689       14.2689      14.268189       0.69816
  36    0.5150        0.0007        0.0000       14.2547       14.2547      14.253998       0.49282
  35    0.9510        0.0007        0.0000       14.2350       14.2350      14.234299       0.38129
  34     1.290        0.0007        0.0000       14.2217       14.2217      14.221071       0.32932
  33     1.760        0.0007        0.0000       14.2060       14.2060      14.205359       0.28211
  32     2.410        0.0007        0.0000       14.1878       14.1878      14.187106       0.23699
  31     3.330        0.0007        0.0000       14.1664       14.1664      14.165708       0.19629
  30     4.640        0.0007        0.0000       14.1402       14.1402      14.139563       0.16843
  29     6.520        0.0007        0.0000       14.1057       14.1057      14.105071       0.15483
  28     9.300        0.0007        0.0000       14.0559       14.0559      14.055279       0.15115
  27     13.20        0.0007        0.0000       13.9801       13.9802      13.979501       0.16398
  26     19.07        0.0006        0.0000       13.8636       13.8636      13.862943       0.16757
  25     27.70        0.0006        0.0000       13.6874       13.6874      13.686809       0.17224
  24     32.20        0.0006        0.0000       13.5973       13.5974      13.596754       0.16889
  23     37.60        0.0006        0.0001       13.4963       13.4964      13.495764       0.15783
  22     43.70        0.0006        0.0001       13.3854       13.3855      13.384844       0.15345
  21     51.00        0.0006        0.0001       13.2663       13.2664      13.265775       0.13765
  20     59.50        0.0006        0.0001       13.1394       13.1395      13.138907       0.12596
  19     69.50        0.0006        0.0001       13.0038       13.0039      13.003356       0.11439
  18     81.20        0.0006        0.0001       12.8546       12.8547      12.854177       0.10760
  17     95.00        0.0006        0.0001       12.6859       12.6861      12.685499       0.10315
  16     111.0        0.0005        0.0001       12.4839       12.4841      12.483548       0.10652
  15     130.0        0.0005        0.0002       12.2545       12.2547      12.254166       0.10188
  14     153.0        0.0005        0.0002       11.9877       11.9879      11.987399       0.09788
  13     179.0        0.0005        0.0002       11.6647       11.6650      11.664506       0.10481
  12     209.0        0.0004        0.0002       11.1678       11.1680      11.167600       0.13978
  11     243.0        0.0004        0.0003       10.3839       10.3842      10.383810       0.19454
  10     281.0        0.0004        0.0003        9.2422        9.2425       9.242107       0.25355
   9     324.0        0.0003        0.0003        7.9761        7.9764       7.976075       0.24847
   8     372.0        0.0003        0.0002        6.7415        6.7418       6.741484       0.21706
   7     426.0        0.0003        0.0002        5.5519        5.5521       5.551832       0.18592
   6     487.0        0.0003        0.0002        4.5047        4.5049       4.504608       0.14488
   5     554.0        0.0003        0.0002        3.5613        3.5615       3.561272       0.11882
   4     628.0        0.0003        0.0001        2.6405        2.6406       2.640353       0.10502
   3     710.0        0.0004        0.0001        1.7387        1.7388       1.738411       0.09282
   2     802.0        0.0006        0.0001        0.9511        0.9512       0.950521       0.07227
   1     902.0        0.0021        0.0000        0.3879        0.3879       0.385850       0.04765
   0    1013.0        0.0173        0.0000        0.0866        0.0867       0.069321       0.02407



 Wavenumbers:  4000. -  4650. cm-1, ATM      1
 LEVEL PRESSURE   UPWARD FLUX   DIFDOWN FLUX  DIRDOWN FLUX  DOWNWARD FLUX   NET FLUX    HEATING RATE
          mb          W/m2          W/m2          W/m2        W/m2          W/m2       degree/day
  47   .000061        2.0237        0.0000       16.7942       16.7942      14.770499       0.00000
  46   .000117        2.0237        0.0000       16.7942       16.7942      14.770499       0.00058
  45   .000258        2.0237        0.0000       16.7942       16.7942      14.770499       0.00062
  44   .000625        2.0237        0.0000       16.7942       16.7942      14.770499       0.00067
  43   .001640        2.0237        0.0000       16.7942       16.7942      14.770499       0.00071
  42   .004480        2.0237        0.0000       16.7942       16.7942      14.770499       0.00075
  41    .01200        2.0237        0.0000       16.7942       16.7942      14.770498       0.00077
  40    .03000        2.0237        0.0000       16.7942       16.7942      14.770496       0.00075
  39    .06700        2.0237        0.0000       16.7942       16.7942      14.770493       0.00077
  38    0.1390        2.0237        0.0000       16.7942       16.7942      14.770486       0.00076
  37    0.2720        2.0237        0.0000       16.7942       16.7942      14.770474       0.00076
  36    0.5150        2.0237        0.0000       16.7942       16.7942      14.770452       0.00078
  35    0.9510        2.0237        0.0000       16.7941       16.7941      14.770406       0.00089
  34     1.290        2.0237        0.0000       16.7941       16.7941      14.770362       0.00109
  33     1.760        2.0237        0.0000       16.7940       16.7940      14.770289       0.00131
  32     2.410        2.0237        0.0000       16.7939       16.7939      14.770167       0.00158
  31     3.330        2.0237        0.0000       16.7937       16.7937      14.769966       0.00184
  30     4.640        2.0237        0.0000       16.7933       16.7933      14.769639       0.00211
  29     6.520        2.0237        0.0000       16.7928       16.7928      14.769107       0.00239
  28     9.300        2.0237        0.0000       16.7919       16.7919      14.768241       0.00263
  27     13.20        2.0237        0.0001       16.7904       16.7905      14.766825       0.00306
  26     19.07        2.0237        0.0001       16.7881       16.7882      14.764501       0.00334
  25     27.70        2.0236        0.0001       16.7842       16.7843      14.760686       0.00373
  24     32.20        2.0236        0.0001       16.7820       16.7821      14.758474       0.00415
  23     37.60        2.0236        0.0001       16.7791       16.7792      14.755609       0.00448
  22     43.70        2.0236        0.0002       16.7754       16.7755      14.751935       0.00508
  21     51.00        2.0236        0.0002       16.7707       16.7709      14.747278       0.00538
  20     59.50        2.0236        0.0002       16.7648       16.7651      14.741463       0.00577
  19     69.50        2.0236        0.0003       16.7576       16.7579      14.734323       0.00603
  18     81.20        2.0236        0.0003       16.7490       16.7493      14.725673       0.00624
  17     95.00        2.0236        0.0004       16.7385       16.7389      14.715296       0.00635
  16     111.0        2.0237        0.0004       16.7257       16.7262      14.702496       0.00675
  15     130.0        2.0237        0.0005       16.7105       16.7110      14.687288       0.00675
  14     153.0        2.0238        0.0006       16.6923       16.6929      14.669054       0.00669
  13     179.0        2.0240        0.0007       16.6702       16.6709      14.646915       0.00719
  12     209.0        2.0243        0.0008       16.6422       16.6430      14.618773       0.00792
  11     243.0        2.0248        0.0010       16.6015       16.6024      14.577624       0.01021
  10     281.0        2.0259        0.0011       16.5363       16.5374      14.511511       0.01468
   9     324.0        2.0276        0.0013       16.4419       16.4432      14.415540       0.01884
   8     372.0        2.0303        0.0014       16.3107       16.3121      14.281766       0.02352
   7     426.0        2.0340        0.0016       16.1170       16.1186      14.084576       0.03082
   6     487.0        2.0392        0.0018       15.8448       15.8466      13.807386       0.03835
   5     554.0        2.0466        0.0020       15.5041       15.5062      13.459532       0.04381
   4     628.0        2.0585        0.0022       15.0892       15.0914      13.032881       0.04866
   3     710.0        2.0793        0.0024       14.5514       14.5539      12.474584       0.05746
   2     802.0        2.1183        0.0026       13.7843       13.7869      11.668567       0.07394
   1     902.0        2.1961        0.0027       12.8214       12.8241      10.628025       0.08781
   0    1013.0        2.3681        0.0028       11.8377       11.8405       9.472429       0.08786



 Wavenumbers:  4650. -  5150. cm-1, ATM      1
 LEVEL PRESSURE   UPWARD FLUX   DIFDOWN FLUX  DIRDOWN FLUX  DOWNWARD FLUX   NET FLUX    HEATING RATE
          mb          W/m2          W/m2          W/m2        W/m2          W/m2       degree/day
  47   .000061        1.4730        0.0000       15.8951       15.8951      14.422151       0.00000
  46   .000117        1.4730        0.0000       15.8951       15.8951      14.422151       0.04729
  45   .000258        1.4730        0.0000       15.8951       15.8951      14.422150       0.08268
  44   .000625        1.4730        0.0000       15.8951       15.8951      14.422144       0.12506
  43   .001640        1.4730        0.0000       15.8951       15.8951      14.422126       0.15294
  42   .004480        1.4730        0.0000       15.8950       15.8950      14.422071       0.16336
  41    .01200        1.4730        0.0000       15.8949       15.8949      14.421923       0.16582
  40    .03000        1.4730        0.0000       15.8945       15.8945      14.421572       0.16459
  39    .06700        1.4730        0.0000       15.8938       15.8938      14.420839       0.16719
  38    0.1390        1.4730        0.0000       15.8924       15.8924      14.419438       0.16428
  37    0.2720        1.4730        0.0000       15.8899       15.8899      14.416903       0.16083
  36    0.5150        1.4730        0.0000       15.8855       15.8855      14.412496       0.15306
  35    0.9510        1.4730        0.0000       15.8781       15.8781      14.405098       0.14319
  34     1.290        1.4730        0.0000       15.8728       15.8728      14.399822       0.13135
  33     1.760        1.4730        0.0000       15.8661       15.8661      14.393144       0.11991
  32     2.410        1.4730        0.0000       15.8578       15.8578      14.384865       0.10749
  31     3.330        1.4730        0.0000       15.8479       15.8479      14.374938       0.09106
  30     4.640        1.4730        0.0000       15.8365       15.8365      14.363541       0.07342
  29     6.520        1.4729        0.0000       15.8240       15.8240      14.351099       0.05585
  28     9.300        1.4729        0.0001       15.8107       15.8108      14.337834       0.04027
  27     13.20        1.4729        0.0001       15.7959       15.7959      14.323013       0.03207
  26     19.07        1.4729        0.0001       15.7762       15.7764      14.303439       0.02814
  25     27.70        1.4729        0.0002       15.7449       15.7451      14.272183       0.03057
  24     32.20        1.4729        0.0002       15.7268       15.7270      14.254071       0.03397
  23     37.60        1.4729        0.0002       15.7041       15.7043      14.231374       0.03547
  22     43.70        1.4729        0.0003       15.6756       15.6759      14.202966       0.03930
  21     51.00        1.4730        0.0003       15.6403       15.6406      14.167658       0.04082
  20     59.50        1.4730        0.0004       15.5967       15.5971      14.124065       0.04328
  19     69.50        1.4730        0.0004       15.5433       15.5438      14.070716       0.04502
  18     81.20        1.4731        0.0005       15.4791       15.4795      14.006409       0.04638
  17     95.00        1.4732        0.0006       15.4029       15.4035      13.930230       0.04659
  16     111.0        1.4734        0.0006       15.3147       15.3153      13.841928       0.04657
  15     130.0        1.4736        0.0008       15.2148       15.2156      13.741931       0.04442
  14     153.0        1.4740        0.0009       15.1038       15.1046      13.630663       0.04083
  13     179.0        1.4744        0.0010       14.9830       14.9840      13.509573       0.03930
  12     209.0        1.4751        0.0012       14.8551       14.8563      13.381198       0.03611
  11     243.0        1.4761        0.0014       14.7190       14.7203      13.244250       0.03399
  10     281.0        1.4777        0.0015       14.5656       14.5671      13.089453       0.03438
   9     324.0        1.4802        0.0018       14.3836       14.3853      12.905101       0.03618
   8     372.0        1.4840        0.0020       14.1649       14.1668      12.682890       0.03907
   7     426.0        1.4894        0.0022       13.8934       13.8957      12.406263       0.04323
   6     487.0        1.4974        0.0025       13.5501       13.5526      12.055158       0.04857
   5     554.0        1.5092        0.0027       13.1175       13.1203      11.611064       0.05594
   4     628.0        1.5275        0.0030       12.5654       12.5684      11.040824       0.06503
   3     710.0        1.5575        0.0032       11.8768       11.8799      10.322403       0.07394
   2     802.0        1.6086        0.0033       11.0748       11.0781       9.469466       0.07824
   1     902.0        1.7011        0.0035       10.2082       10.2117       8.510601       0.08092
   0    1013.0        1.8718        0.0036        9.3554        9.3590       7.487190       0.07781



 Wavenumbers:  5150. -  6150. cm-1, ATM      1
 LEVEL PRESSURE   UPWARD FLUX   DIFDOWN FLUX  DIRDOWN FLUX  DOWNWARD FLUX   NET FLUX    HEATING RATE
          mb          W/m2          W/m2          W/m2        W/m2          W/m2       degree/day
  47   .000061        3.5748        0.0000       39.8470       39.8470      36.272174       0.00000
  46   .000117        3.5748        0.0000       39.8470       39.8470      36.272174       0.00284
  45   .000258        3.5748        0.0000       39.8470       39.8470      36.272174       0.00327
  44   .000625        3.5748        0.0000       39.8470       39.8470      36.272174       0.00412
  43   .001640        3.5748        0.0000       39.8470       39.8470      36.272173       0.00599
  42   .004480        3.5748        0.0000       39.8470       39.8470      36.272170       0.00921
  41    .01200        3.5748        0.0000       39.8470       39.8470      36.272157       0.01420
  40    .03000        3.5748        0.0000       39.8469       39.8469      36.272114       0.02032
  39    .06700        3.5748        0.0000       39.8468       39.8468      36.271995       0.02708
  38    0.1390        3.5748        0.0000       39.8465       39.8465      36.271717       0.03262
  37    0.2720        3.5748        0.0000       39.8459       39.8459      36.271123       0.03772
  36    0.5150        3.5748        0.0000       39.8447       39.8447      36.269942       0.04100
  35    0.9510        3.5748        0.0000       39.8425       39.8425      36.267723       0.04294
  34     1.290        3.5748        0.0000       39.8407       39.8408      36.265990       0.04314
  33     1.760        3.5748        0.0000       39.8383       39.8384      36.263625       0.04248
  32     2.410        3.5748        0.0001       39.8351       39.8352      36.260396       0.04192
  31     3.330        3.5747        0.0001       39.8307       39.8308      36.256023       0.04011
  30     4.640        3.5747        0.0001       39.8246       39.8248      36.250037       0.03856
  29     6.520        3.5747        0.0002       39.8162       39.8164      36.241694       0.03745
  28     9.300        3.5746        0.0003       39.8044       39.8047      36.230009       0.03547
  27     13.20        3.5746        0.0004       39.7881       39.7885      36.213910       0.03484
  26     19.07        3.5745        0.0005       39.7662       39.7667      36.192239       0.03116
  25     27.70        3.5744        0.0008       39.7373       39.7381      36.163650       0.02796
  24     32.20        3.5743        0.0009       39.7236       39.7244      36.150081       0.02545
  23     37.60        3.5743        0.0010       39.7086       39.7096      36.135271       0.02315
  22     43.70        3.5742        0.0012       39.6923       39.6935      36.119273       0.02213
  21     51.00        3.5742        0.0014       39.6748       39.6762      36.102035       0.01993
  20     59.50        3.5741        0.0016       39.6558       39.6574      36.083260       0.01864
  19     69.50        3.5741        0.0019       39.6349       39.6368      36.062697       0.01735
  18     81.20        3.5740        0.0022       39.6118       39.6140      36.039990       0.01638
  17     95.00        3.5739        0.0026       39.5858       39.5883      36.014370       0.01567
  16     111.0        3.5739        0.0030       39.5560       39.5590      35.985111       0.01543
  15     130.0        3.5738        0.0035       39.5220       39.5255      35.951667       0.01485
  14     153.0        3.5737        0.0041       39.4765       39.4806      35.906868       0.01644
  13     179.0        3.5737        0.0048       39.4050       39.4098      35.836132       0.02296
  12     209.0        3.5736        0.0056       39.2409       39.2464      35.672815       0.04594
  11     243.0        3.5737        0.0064       38.8013       38.8077      35.234033       0.10891
  10     281.0        3.5739        0.0072       37.7660       37.7732      34.199301       0.22980
   9     324.0        3.5744        0.0080       36.3633       36.3712      32.796871       0.27524
   8     372.0        3.5753        0.0088       34.8470       34.8558      31.280504       0.26660
   7     426.0        3.5768        0.0095       32.9618       32.9713      29.394535       0.29474
   6     487.0        3.5794        0.0101       30.8206       30.8307      27.251345       0.29650
   5     554.0        3.5838        0.0108       28.5989       28.6096      25.025853       0.28032
   4     628.0        3.5923        0.0114       26.3372       26.3485      22.756206       0.25884
   3     710.0        3.6100        0.0120       24.3003       24.3123      20.702308       0.21138
   2     802.0        3.6484        0.0128       22.6763       22.6891      19.040752       0.15241
   1     902.0        3.7368        0.0136       21.2879       21.3015      17.564646       0.12457
   0    1013.0        3.9742        0.0143       19.8568       19.8711      15.896878       0.12680



 Wavenumbers:  6150. -  7700. cm-1, ATM      1
 LEVEL PRESSURE   UPWARD FLUX   DIFDOWN FLUX  DIRDOWN FLUX  DOWNWARD FLUX   NET FLUX    HEATING RATE
          mb          W/m2          W/m2          W/m2        W/m2          W/m2       degree/day
  47   .000061        5.3972        0.0000       73.7037       73.7037      68.306429       0.00000
  46   .000117        5.3972        0.0000       73.7037       73.7037      68.306429       0.00609
  45   .000258        5.3972        0.0000       73.7037       73.7037      68.306429       0.00890
  44   .000625        5.3972        0.0000       73.7037       73.7037      68.306428       0.01264
  43   .001640        5.3972        0.0000       73.7037       73.7037      68.306426       0.01643
  42   .004480        5.3972        0.0000       73.7037       73.7037      68.306419       0.02040
  41    .01200        5.3972        0.0000       73.7036       73.7036      68.306397       0.02568
  40    .03000        5.3972        0.0000       73.7036       73.7036      68.306328       0.03201
  39    .06700        5.3972        0.0000       73.7034       73.7034      68.306156       0.03939
  38    0.1390        5.3972        0.0000       73.7030       73.7030      68.305769       0.04530
  37    0.2720        5.3972        0.0000       73.7021       73.7022      68.304968       0.05085
  36    0.5150        5.3972        0.0001       73.7005       73.7006      68.303401       0.05439
  35    0.9510        5.3971        0.0001       73.6975       73.6976      68.300476       0.05663
  34     1.290        5.3971        0.0001       73.6952       73.6953      68.298193       0.05683
  33     1.760        5.3971        0.0002       73.6919       73.6921      68.295074       0.05600
  32     2.410        5.3970        0.0003       73.6875       73.6878      68.290802       0.05547
  31     3.330        5.3969        0.0004       73.6815       73.6819      68.284975       0.05345
  30     4.640        5.3968        0.0005       73.6732       73.6737      68.276940       0.05177
  29     6.520        5.3966        0.0007       73.6615       73.6623      68.265670       0.05059
  28     9.300        5.3963        0.0010       73.6450       73.6461      68.249745       0.04835
  27     13.20        5.3960        0.0015       73.6220       73.6235      68.227483       0.04817
  26     19.07        5.3954        0.0022       73.5901       73.5922      68.196834       0.04406
  25     27.70        5.3946        0.0031       73.5466       73.5497      68.155128       0.04078
  24     32.20        5.3942        0.0036       73.5253       73.5290      68.134831       0.03806
  23     37.60        5.3937        0.0042       73.5017       73.5060      68.112301       0.03521
  22     43.70        5.3931        0.0049       73.4756       73.4806      68.087499       0.03431
  21     51.00        5.3924        0.0057       73.4469       73.4526      68.060255       0.03150
  20     59.50        5.3916        0.0067       73.4149       73.4216      68.030063       0.02998
  19     69.50        5.3906        0.0078       73.3793       73.3871      67.996481       0.02834
  18     81.20        5.3895        0.0091       73.3391       73.3483      67.958780       0.02719
  17     95.00        5.3882        0.0107       73.2933       73.3040      67.915818       0.02627
  16     111.0        5.3866        0.0125       73.2404       73.2529      67.866262       0.02614
  15     130.0        5.3849        0.0146       73.1792       73.1938      67.808936       0.02546
  14     153.0        5.3828        0.0170       73.0989       73.1159      67.733194       0.02779
  13     179.0        5.3803        0.0199       72.9768       72.9967      67.616365       0.03792
  12     209.0        5.3775        0.0232       72.7068       72.7300      67.352462       0.07424
  11     243.0        5.3746        0.0267       72.0420       72.0687      66.694085       0.16342
  10     281.0        5.3716        0.0302       70.6211       70.6513      65.279693       0.31411
   9     324.0        5.3689        0.0336       68.2994       68.3330      62.964069       0.45446
   8     372.0        5.3669        0.0370       65.6203       65.6573      60.290388       0.47007
   7     426.0        5.3663        0.0403       62.4704       62.5107      57.144332       0.49167
   6     487.0        5.3684        0.0431       58.6544       58.6975      53.329097       0.52783
   5     554.0        5.3755        0.0455       54.4438       54.4893      49.113842       0.53094
   4     628.0        5.3941        0.0474       49.7574       49.8049      44.410705       0.53636
   3     710.0        5.4384        0.0487       44.8371       44.8858      39.447426       0.51080
   2     802.0        5.5387        0.0495       40.0373       40.0868      34.548046       0.44942
   1     902.0        5.7685        0.0500       35.6140       35.6640      29.895517       0.39263
   0    1013.0        6.3623        0.0507       31.7606       31.8113      25.449036       0.33806



 Wavenumbers:  7700. -  8050. cm-1, ATM      1
 LEVEL PRESSURE   UPWARD FLUX   DIFDOWN FLUX  DIRDOWN FLUX  DOWNWARD FLUX   NET FLUX    HEATING RATE
          mb          W/m2          W/m2          W/m2        W/m2          W/m2       degree/day
  47   .000061        2.8641        0.0000       17.4196       17.4196      14.555461       0.00000
  46   .000117        2.8641        0.0000       17.4196       17.4196      14.555461       0.01026
  45   .000258        2.8641        0.0000       17.4196       17.4196      14.555461       0.01143
  44   .000625        2.8641        0.0000       17.4196       17.4196      14.555460       0.01283
  43   .001640        2.8641        0.0000       17.4196       17.4196      14.555459       0.01374
  42   .004480        2.8641        0.0000       17.4195       17.4195      14.555454       0.01435
  41    .01200        2.8641        0.0000       17.4195       17.4195      14.555440       0.01487
  40    .03000        2.8641        0.0000       17.4195       17.4195      14.555409       0.01488
  39    .06700        2.8641        0.0000       17.4194       17.4194      14.555342       0.01518
  38    0.1390        2.8641        0.0000       17.4193       17.4193      14.555213       0.01512
  37    0.2720        2.8641        0.0000       17.4191       17.4191      14.554974       0.01516
  36    0.5150        2.8642        0.0000       17.4187       17.4187      14.554540       0.01507
  35    0.9510        2.8642        0.0000       17.4179       17.4180      14.553757       0.01516
  34     1.290        2.8643        0.0001       17.4174       17.4174      14.553150       0.01510
  33     1.760        2.8644        0.0001       17.4166       17.4167      14.552316       0.01498
  32     2.410        2.8644        0.0001       17.4155       17.4156      14.551151       0.01513
  31     3.330        2.8646        0.0002       17.4139       17.4141      14.549510       0.01505
  30     4.640        2.8648        0.0002       17.4117       17.4120      14.547178       0.01502
  29     6.520        2.8651        0.0003       17.4086       17.4089      14.543836       0.01500
  28     9.300        2.8655        0.0004       17.4040       17.4044      14.538987       0.01472
  27     13.20        2.8660        0.0006       17.3973       17.3980      14.531932       0.01527
  26     19.07        2.8669        0.0009       17.3876       17.3885      14.521616       0.01483
  25     27.70        2.8682        0.0013       17.3733       17.3746      14.506441       0.01484
  24     32.20        2.8688        0.0015       17.3658       17.3674      14.498540       0.01482
  23     37.60        2.8696        0.0018       17.3572       17.3589      14.489307       0.01443
  22     43.70        2.8706        0.0021       17.3470       17.3491      14.478524       0.01492
  21     51.00        2.8716        0.0024       17.3352       17.3376      14.465935       0.01455
  20     59.50        2.8729        0.0028       17.3213       17.3241      14.451218       0.01461
  19     69.50        2.8744        0.0033       17.3051       17.3084      14.434009       0.01452
  18     81.20        2.8762        0.0038       17.2863       17.2901      14.413890       0.01451
  17     95.00        2.8783        0.0045       17.2642       17.2687      14.390378       0.01438
  16     111.0        2.8808        0.0052       17.2386       17.2438      14.362991       0.01444
  15     130.0        2.8837        0.0061       17.2088       17.2149      14.331186       0.01413
  14     153.0        2.8872        0.0071       17.1742       17.1814      14.294151       0.01359
  13     179.0        2.8914        0.0083       17.1342       17.1425      14.251112       0.01397
  12     209.0        2.8962        0.0097       17.0886       17.0983      14.202088       0.01379
  11     243.0        2.9018        0.0113       17.0377       17.0490      14.147181       0.01363
  10     281.0        2.9083        0.0130       16.9811       16.9941      14.085827       0.01363
   9     324.0        2.9158        0.0149       16.9182       16.9331      14.017310       0.01345
   8     372.0        2.9245        0.0171       16.8483       16.8654      13.940840       0.01344
   7     426.0        2.9348        0.0195       16.7705       16.7900      13.855213       0.01338
   6     487.0        2.9470        0.0221       16.6835       16.7056      13.758645       0.01336
   5     554.0        2.9616        0.0250       16.5855       16.6105      13.648858       0.01383
   4     628.0        2.9798        0.0281       16.4725       16.5006      13.520832       0.01460
   3     710.0        3.0033        0.0316       16.3375       16.3690      13.365740       0.01596
   2     802.0        3.0353        0.0352       16.1702       16.2054      13.170148       0.01794
   1     902.0        3.0807        0.0391       15.9577       15.9968      12.916134       0.02144
   0    1013.0        3.1464        0.0431       15.6890       15.7321      12.585707       0.02512



 Wavenumbers:  8050. - 12850. cm-1, ATM      1
 LEVEL PRESSURE   UPWARD FLUX   DIFDOWN FLUX  DIRDOWN FLUX  DOWNWARD FLUX   NET FLUX    HEATING RATE
          mb          W/m2          W/m2          W/m2        W/m2          W/m2       degree/day
  47   .000061       35.3795        0.0000      243.9194      243.9194     208.539925       0.00000
  46   .000117       35.3795        0.0000      243.9194      243.9194     208.539925      -0.00000
  45   .000258       35.3795        0.0000      243.9194      243.9194     208.539925       0.00000
  44   .000625       35.3795        0.0000      243.9194      243.9194     208.539925       0.00000
  43   .001640       35.3795        0.0000      243.9194      243.9194     208.539925       0.00000
  42   .004480       35.3795        0.0000      243.9194      243.9194     208.539925      -0.00000
  41    .01200       35.3795        0.0000      243.9194      243.9194     208.539925      -0.00000
  40    .03000       35.3794        0.0001      243.9193      243.9194     208.539925       0.00000
  39    .06700       35.3794        0.0002      243.9192      243.9193     208.539925      -0.00000
  38    0.1390       35.3793        0.0003      243.9189      243.9192     208.539925       0.00000
  37    0.2720       35.3790        0.0006      243.9183      243.9190     208.539925       0.00000
  36    0.5150       35.3786        0.0012      243.9174      243.9186     208.539925      -0.00000
  35    0.9510       35.3779        0.0022      243.9157      243.9178     208.539925       0.00000
  34     1.290       35.3774        0.0030      243.9143      243.9173     208.539925       0.00000
  33     1.760       35.3766        0.0040      243.9125      243.9165     208.539925       0.00000
  32     2.410       35.3755        0.0055      243.9099      243.9154     208.539925       0.00000
  31     3.330       35.3740        0.0076      243.9063      243.9139     208.539925       0.00000
  30     4.640       35.3719        0.0106      243.9011      243.9118     208.539925       0.00000
  29     6.520       35.3688        0.0149      243.8938      243.9087     208.539925      -0.00000
  28     9.300       35.3643        0.0212      243.8830      243.9042     208.539925       0.00000
  27     13.20       35.3578        0.0303      243.8674      243.8977     208.539925       0.00000
  26     19.07       35.3482        0.0436      243.8445      243.8881     208.539925       0.00000
  25     27.70       35.3341        0.0633      243.8107      243.8740     208.539925       0.00000
  24     32.20       35.3267        0.0736      243.7931      243.8667     208.539925       0.00000
  23     37.60       35.3181        0.0856      243.7724      243.8580     208.539925       0.00000
  22     43.70       35.3080        0.0997      243.7482      243.8479     208.539925       0.00000
  21     51.00       35.2962        0.1162      243.7199      243.8361     208.539925       0.00000
  20     59.50       35.2823        0.1356      243.6867      243.8222     208.539925       0.00000
  19     69.50       35.2660        0.1583      243.6476      243.8059     208.539925       0.00000
  18     81.20       35.2468        0.1849      243.6018      243.7868     208.539925       0.00000
  17     95.00       35.2243        0.2163      243.5480      243.7643     208.539925       0.00000
  16     111.0       35.1980        0.2529      243.4796      243.7325     208.534523       0.00285
  15     130.0       35.1672        0.2959      243.3994      243.6953     208.528028       0.00288
  14     153.0       35.1311        0.3462      243.3035      243.6497     208.518577       0.00347
  13     179.0       35.0888        0.4052      243.1852      243.5904     208.501632       0.00550
  12     209.0       35.0401        0.4730      243.0189      243.4919     208.451745       0.01403
  11     243.0       34.9855        0.5494      242.7043      243.2537     208.268201       0.04556
  10     281.0       34.9252        0.6347      242.0453      242.6800     207.754825       0.11401
   9     324.0       34.8601        0.7295      240.9864      241.7159     206.855789       0.17644
   8     372.0       34.7914        0.8344      239.6093      240.4437     205.652313       0.21159
   7     426.0       34.7220        0.9491      237.7302      238.6793     203.957334       0.26489
   6     487.0       34.6576        1.0734      235.0897      236.1631     201.505487       0.33920
   5     554.0       34.6082        1.2063      231.5036      232.7099     198.101723       0.42873
   4     628.0       34.6023        1.3444      226.3896      227.7340     193.131745       0.56679
   3     710.0       34.6989        1.4834      219.2896      220.7730     186.074126       0.72634
   2     802.0       35.0234        1.6192      210.1684      211.7876     176.764179       0.85400
   1     902.0       35.8465        1.7471      199.2698      201.0169     165.170405       0.97842
   0    1013.0       37.8530        1.8691      187.3957      189.2648     151.411810       1.04604



 Wavenumbers: 12850. - 16000. cm-1, ATM      1
 LEVEL PRESSURE   UPWARD FLUX   DIFDOWN FLUX  DIRDOWN FLUX  DOWNWARD FLUX   NET FLUX    HEATING RATE
          mb          W/m2          W/m2          W/m2        W/m2          W/m2       degree/day
  47   .000061       28.5076        0.0000      152.8347      152.8347     124.327123       0.00000
  46   .000117       28.5076        0.0000      152.8347      152.8347     124.327120       0.39572
  45   .000258       28.5076        0.0000      152.8347      152.8347     124.327112       0.45402
  44   .000625       28.5076        0.0000      152.8347      152.8347     124.327090       0.52499
  43   .001640       28.5076        0.0000      152.8346      152.8346     124.327021       0.56945
  42   .004480       28.5076        0.0000      152.8344      152.8344     124.326824       0.58531
  41    .01200       28.5076        0.0001      152.8338      152.8339     124.326306       0.58198
  40    .03000       28.5075        0.0001      152.8324      152.8326     124.325091       0.56953
  39    .06700       28.5074        0.0003      152.8296      152.8299     124.322552       0.57906
  38    0.1390       28.5072        0.0007      152.8241      152.8248     124.317604       0.57996
  37    0.2720       28.5070        0.0014      152.8140      152.8154     124.308437       0.58168
  36    0.5150       28.5067        0.0026      152.7963      152.7989     124.292166       0.56508
  35    0.9510       28.5066        0.0048      152.7659      152.7707     124.264018       0.54482
  34     1.290       28.5070        0.0064      152.7433      152.7497     124.242717       0.53029
  33     1.760       28.5081        0.0088      152.7127      152.7215     124.213384       0.52668
  32     2.410       28.5107        0.0120      152.6696      152.6816     124.170886       0.55176
  31     3.330       28.5164        0.0166      152.6060      152.6226     124.106227       0.59312
  30     4.640       28.5271        0.0231      152.5112      152.5343     124.007167       0.63816
  29     6.520       28.5442        0.0324      152.3741      152.4065     123.862260       0.65047
  28     9.300       28.5679        0.0458      152.1858      152.2317     123.663765       0.60256
  27     13.20       28.5971        0.0654      151.9384      152.0038     123.406660       0.55635
  26     19.07       28.6315        0.0940      151.6155      151.7095     123.077993       0.47252
  25     27.70       28.6690        0.1361      151.2006      151.3367     122.667688       0.40123
  24     32.20       28.6825        0.1580      151.0114      151.1694     122.486816       0.33920
  23     37.60       28.6932        0.1836      150.8131      150.9967     122.303499       0.28649
  22     43.70       28.7010        0.2136      150.6028      150.8163     122.115305       0.26036
  21     51.00       28.7050        0.2486      150.3803      150.6290     121.923914       0.22126
  20     59.50       28.7044        0.2897      150.1450      150.4347     121.730309       0.19222
  19     69.50       28.6970        0.3378      149.9000      150.2378     121.540776       0.15995
  18     81.20       28.6800        0.3943      149.6528      150.0472     121.367199       0.12520
  17     95.00       28.6522        0.4606      149.4009      149.8616     121.209346       0.09653
  16     111.0       28.6195        0.5386      149.1286      149.6673     121.047798       0.08521
  15     130.0       28.5779        0.6296      148.8292      149.4589     120.881018       0.07408
  14     153.0       28.5260        0.7361      148.4946      149.2308     120.704819       0.06465
  13     179.0       28.4603        0.8607      148.1222      148.9829     120.522533       0.05917
  12     209.0       28.3794        1.0035      147.7120      148.7155     120.336063       0.05245
  11     243.0       28.2848        1.1643      147.2539      148.4182     120.133394       0.05030
  10     281.0       28.1760        1.3446      146.7360      148.0806     119.904611       0.05081
   9     324.0       28.0529        1.5458      146.1446      147.6904     119.637511       0.05242
   8     372.0       27.9158        1.7694      145.4685      147.2379     119.322150       0.05545
   7     426.0       27.7650        2.0169      144.6925      146.7095     118.944456       0.05903
   6     487.0       27.6021        2.2900      143.7937      146.0836     118.481498       0.06405
   5     554.0       27.4302        2.5895      142.7408      145.3303     117.900019       0.07324
   4     628.0       27.2604        2.9153      141.4543      144.3696     117.109174       0.09019
   3     710.0       27.1102        3.2650      139.8410      143.1060     115.995886       0.11458
   2     802.0       27.0141        3.6341      137.7780      141.4121     114.397987       0.14658
   1     902.0       27.0371        4.0170      135.1447      139.1617     112.124675       0.19185
   0    1013.0       27.2756        4.4113      131.9665      136.3778     109.102273       0.22979



 Wavenumbers: 16000. - 22650. cm-1, ATM      1
 LEVEL PRESSURE   UPWARD FLUX   DIFDOWN FLUX  DIRDOWN FLUX  DOWNWARD FLUX   NET FLUX    HEATING RATE
          mb          W/m2          W/m2          W/m2        W/m2          W/m2       degree/day
  47   .000061       57.2740        0.0000      243.6381      243.6381     186.364132       0.00000
  46   .000117       57.2740        0.0000      243.6381      243.6381     186.364131       0.02473
  45   .000258       57.2740        0.0000      243.6381      243.6381     186.364130       0.06143
  44   .000625       57.2740        0.0000      243.6381      243.6381     186.364125       0.11211
  43   .001640       57.2740        0.0000      243.6381      243.6381     186.364108       0.14413
  42   .004480       57.2740        0.0001      243.6379      243.6380     186.364066       0.12565
  41    .01200       57.2738        0.0003      243.6375      243.6379     186.364010       0.06316
  40    .03000       57.2736        0.0008      243.6367      243.6375     186.363931       0.03699
  39    .06700       57.2730        0.0019      243.6348      243.6367     186.363680       0.05717
  38    0.1390       57.2721        0.0039      243.6309      243.6348     186.362692       0.11578
  37    0.2720       57.2706        0.0076      243.6225      243.6301     186.359464       0.20484
  36    0.5150       57.2687        0.0144      243.6051      243.6195     186.350786       0.30138
  35    0.9510       57.2669        0.0266      243.5679      243.5945     186.327580       0.44918
  34     1.290       57.2671        0.0360      243.5341      243.5701     186.303055       0.61052
  33     1.760       57.2694        0.0490      243.4806      243.5296     186.260211       0.76930
  32     2.410       57.2769        0.0671      243.3922      243.4593     186.182447       1.00963
  31     3.330       57.2949        0.0926      243.2430      243.3357     186.040744       1.29984
  30     4.640       57.3305        0.1289      242.9989      243.1278     185.797343       1.56802
  29     6.520       57.3882        0.1807      242.6278      242.8085     185.420226       1.69284
  28     9.300       57.4676        0.2558      242.1059      242.3617     184.894060       1.59726
  27     13.20       57.5634        0.3648      241.4144      241.7792     184.215858       1.46755
  26     19.07       57.6720        0.5240      240.5105      241.0345     183.362440       1.22694
  25     27.70       57.7824        0.7577      239.3479      240.1056     182.323165       1.01629
  24     32.20       57.8172        0.8793      238.8170      239.6963     181.879023       0.83293
  23     37.60       57.8386        1.0214      238.2590      239.2804     181.441834       0.68324
  22     43.70       57.8456        1.1875      237.6646      238.8521     181.006492       0.60228
  21     51.00       57.8344        1.3814      237.0318      238.4132     180.578763       0.49448
  20     59.50       57.8010        1.6083      236.3553      237.9636     180.162614       0.41317
  19     69.50       57.7373        1.8739      235.6401      237.5140     179.776674       0.32570
  18     81.20       57.6305        2.1851      234.9014      237.0865     179.455995       0.23130
  17     95.00       57.4760        2.5497      234.1256      236.6752     179.199187       0.15705
  16     111.0       57.2788        2.9749      233.2705      236.2454     178.966570       0.12269
  15     130.0       57.0379        3.4693      232.3056      235.7748     178.736963       0.10198
  14     153.0       56.7455        4.0456      231.2065      235.2521     178.506535       0.08455
  13     179.0       56.3878        4.7164      229.9686      234.6850     178.297120       0.06797
  12     209.0       55.9592        5.4815      228.6036      234.0852     178.125925       0.04816
  11     243.0       55.4635        6.3382      227.1015      233.4397     177.976214       0.03716
  10     281.0       54.8953        7.2922      225.4491      232.7413     177.846008       0.02892
   9     324.0       54.2496        8.3494      223.6290      231.9784     177.728799       0.02300
   8     372.0       53.5214        9.5153      221.6218      231.1370     177.615627       0.01990
   7     426.0       52.7038       10.7948      219.4131      230.2079     177.504120       0.01743
   6     487.0       51.7885       12.1938      216.9848      229.1787     177.390202       0.01576
   5     554.0       50.7670       13.7169      214.3183      228.0351     177.268149       0.01537
   4     628.0       49.6334       15.3651      211.3901      226.7553     177.121863       0.01668
   3     710.0       48.3826       17.1377      208.1732      225.3108     176.928185       0.01993
   2     802.0       47.0118       19.0323      204.6250      223.6573     176.645540       0.02593
   1     902.0       45.5203       21.0459      200.6861      221.7320     176.211684       0.03661
   0    1013.0       43.9015       23.1744      196.3329      219.5073     175.605842       0.04606



 Wavenumbers: 22650. - 29000. cm-1, ATM      1
 LEVEL PRESSURE   UPWARD FLUX   DIFDOWN FLUX  DIRDOWN FLUX  DOWNWARD FLUX   NET FLUX    HEATING RATE
          mb          W/m2          W/m2          W/m2        W/m2          W/m2       degree/day
  47   .000061       31.3203        0.0000       91.9880       91.9880      60.667682       0.00000
  46   .000117       31.3203        0.0000       91.9880       91.9880      60.667682       0.00000
  45   .000258       31.3203        0.0000       91.9880       91.9880      60.667682      -0.00000
  44   .000625       31.3203        0.0000       91.9880       91.9880      60.667682       0.00000
  43   .001640       31.3203        0.0001       91.9879       91.9880      60.667682       0.00000
  42   .004480       31.3203        0.0002       91.9878       91.9879      60.667682      -0.00000
  41    .01200       31.3201        0.0004       91.9874       91.9878      60.667682       0.00000
  40    .03000       31.3199        0.0010       91.9865       91.9875      60.667682       0.00000
  39    .06700       31.3193        0.0023       91.9847       91.9870      60.667682       0.00000
  38    0.1390       31.3181        0.0048       91.9810       91.9858      60.667682      -0.00000
  37    0.2720       31.3160        0.0094       91.9743       91.9837      60.667682       0.00000
  36    0.5150       31.3122        0.0177       91.9622       91.9799      60.667682       0.00000
  35    0.9510       31.3053        0.0328       91.9402       91.9730      60.667682       0.00000
  34     1.290       31.3000        0.0445       91.9232       91.9676      60.667682       0.00000
  33     1.760       31.2926        0.0605       91.8998       91.9603      60.667682      -0.00000
  32     2.410       31.2823        0.0829       91.8671       91.9500      60.667682       0.00000
  31     3.330       31.2679        0.1144       91.8211       91.9355      60.667682      -0.00000
  30     4.640       31.2473        0.1592       91.7558       91.9150      60.667682       0.00000
  29     6.520       31.2178        0.2233       91.6621       91.8854      60.667682       0.00000
  28     9.300       31.1749        0.3163       91.5263       91.8426      60.667682      -0.00000
  27     13.20       31.1124        0.4513       91.3287       91.7801      60.667682       0.00000
  26     19.07       31.0208        0.6484       91.0401       91.6884      60.667682      -0.00000
  25     27.70       30.8855        0.9373       90.6159       91.5532      60.667682       0.00000
  24     32.20       30.8148        1.0873       90.3952       91.4825      60.667682      -0.00000
  23     37.60       30.7320        1.2622       90.1375       91.3997      60.667682      -0.00000
  22     43.70       30.6351        1.4660       89.8367       91.3027      60.667682       0.00000
  21     51.00       30.5215        1.7032       89.4859       91.1891      60.667682       0.00000
  20     59.50       30.3881        1.9796       89.0762       91.0558      60.667682       0.00000
  19     69.50       30.2315        2.3014       88.5978       90.8992      60.667682      -0.00000
  18     81.20       30.0474        2.6756       88.0394       90.7151      60.667682       0.00000
  17     95.00       29.8309        3.1104       87.3882       90.4986      60.667682       0.00000
  16     111.0       29.5770        3.6132       86.6315       90.2447      60.667682      -0.00000
  15     130.0       29.2797        4.1920       85.7554       89.9474      60.667682      -0.00000
  14     153.0       28.9302        4.8589       84.7390       89.5979      60.667682       0.00000
  13     179.0       28.5198        5.6241       83.5634       89.1874      60.667682       0.00000
  12     209.0       28.0467        6.4821       82.2323       88.7144      60.667682       0.00000
  11     243.0       27.5106        7.4243       80.7540       88.1783      60.667682      -0.00000
  10     281.0       26.9054        8.4506       79.1225       87.5731      60.667682      -0.00000
   9     324.0       26.2241        9.5595       77.3323       86.8918      60.667682       0.00000
   8     372.0       25.4594       10.7481       75.3790       86.1271      60.667682       0.00000
   7     426.0       24.6032       12.0105       73.2604       85.2709      60.667682      -0.00000
   6     487.0       23.6460       13.3400       70.9737       84.3137      60.667682       0.00000
   5     554.0       22.5775       14.7265       68.5187       83.2452      60.667682       0.00000
   4     628.0       21.3879       16.1553       65.9003       82.0556      60.667682       0.00000
   3     710.0       20.0666       17.6071       63.1272       80.7342      60.667682       0.00000
   2     802.0       18.6007       19.0633       60.2050       79.2684      60.667682      -0.00000
   1     902.0       16.9735       20.4993       57.1419       77.6412      60.667682       0.00000
   0    1013.0       15.1669       21.8864       53.9482       75.8346      60.667682       0.00000



 Wavenumbers: 29000. - 38000. cm-1, ATM      1
 LEVEL PRESSURE   UPWARD FLUX   DIFDOWN FLUX  DIRDOWN FLUX  DOWNWARD FLUX   NET FLUX    HEATING RATE
          mb          W/m2          W/m2          W/m2        W/m2          W/m2       degree/day
  47   .000061        6.6034        0.0000       32.4597       32.4597      25.856294       0.00000
  46   .000117        6.6034        0.0000       32.4597       32.4597      25.856289       0.87246
  45   .000258        6.6034        0.0000       32.4596       32.4596      25.856253       2.15300
  44   .000625        6.6034        0.0000       32.4595       32.4595      25.856083       3.90974
  43   .001640        6.6034        0.0000       32.4588       32.4588      25.855480       5.00958
  42   .004480        6.6033        0.0001       32.4572       32.4573      25.854012       4.36226
  41    .01200        6.6032        0.0003       32.4549       32.4552      25.852057       2.19416
  40    .03000        6.6028        0.0008       32.4513       32.4521      25.849306       1.28966
  39    .06700        6.6022        0.0019       32.4408       32.4427      25.840526       2.00255
  38    0.1390        6.6009        0.0039       32.4029       32.4068      25.805851       4.06428
  37    0.2720        6.5989        0.0075       32.2849       32.2925      25.693545       7.12607
  36    0.5150        6.5959        0.0140       31.9849       31.9989      25.403019      10.08968
  35    0.9510        6.5921        0.0249       31.2723       31.2972      24.705113      13.50856
  34     1.290        6.5904        0.0327       30.6336       30.6663      24.075884      15.66417
  33     1.760        6.5897        0.0425       29.7316       29.7741      23.184330      16.00841
  32     2.410        6.5918        0.0550       28.5529       28.6079      22.016091      15.16760
  31     3.330        6.5999        0.0712       27.1872       27.2585      20.658567      12.45254
  30     4.640        6.6180        0.0929       25.7596       25.8525      19.234442       9.17435
  29     6.520        6.6492        0.1224       24.3558       24.4783      17.829075       6.30856
  28     9.300        6.6939        0.1637       23.0455       23.2093      16.515367       3.98798
  27     13.20        6.7513        0.2219       21.8415       22.0634      15.312058       2.60382
  26     19.07        6.8239        0.3039       20.6980       21.0019      14.177982       1.63043
  25     27.70        6.9132        0.4203       19.5939       20.0142      13.101024       1.05314
  24     32.20        6.9503        0.4800       19.1730       19.6530      12.702656       0.74709
  23     37.60        6.9840        0.5493       18.7712       19.3205      12.336570       0.57212
  22     43.70        7.0144        0.6296       18.3773       19.0069      11.992462       0.47606
  21     51.00        7.0401        0.7227       17.9884       18.7111      11.671042       0.37158
  20     59.50        7.0592        0.8307       17.6003       18.4310      11.371805       0.29709
  19     69.50        7.0668        0.9559       17.2148       18.1707      11.103857       0.22613
  18     81.20        7.0545        1.1026       16.8401       17.9427      10.888160       0.15558
  17     95.00        7.0198        1.2738       16.4658       17.7396      10.719821       0.10294
  16     111.0        6.9680        1.4714       16.0685       17.5399      10.571849       0.07805
  15     130.0        6.9002        1.6868       15.6348       17.3216      10.421373       0.06684
  14     153.0        6.8160        1.9374       15.1573       17.0946      10.278625       0.05238
  13     179.0        6.7074        2.2203       14.6390       16.8593      10.151829       0.04116
  12     209.0        6.5706        2.5307       14.0888       16.6195      10.048825       0.02898
  11     243.0        6.4088        2.8624       13.5059       16.3683       9.959520       0.02217
  10     281.0        6.2200        3.2132       12.8900       16.1032       9.883276       0.01693
   9     324.0        6.0028        3.5784       12.2409       15.8193       9.816504       0.01310
   8     372.0        5.7562        3.9518       11.5590       15.5108       9.754529       0.01090
   7     426.0        5.4777        4.3278       10.8473       15.1751       9.697378       0.00893
   6     487.0        5.1640        4.6981       10.1106       14.8087       9.644735       0.00728
   5     554.0        4.8119        5.0546        9.3536       14.4082       9.596315       0.00610
   4     628.0        4.4184        5.3865        8.5828       13.9693       9.550924       0.00518
   3     710.0        3.9803        5.6821        7.8065       13.4886       9.508347       0.00438
   2     802.0        3.4931        5.9292        7.0327       12.9619       9.468836       0.00362
   1     902.0        2.9515        6.1167        6.2669       12.3837       9.432167       0.00309
   0    1013.0        2.3495        6.2282        5.5194       11.7477       9.398131       0.00259



 Wavenumbers: 38000. - 50000. cm-1, ATM      1
 LEVEL PRESSURE   UPWARD FLUX   DIFDOWN FLUX  DIRDOWN FLUX  DOWNWARD FLUX   NET FLUX    HEATING RATE
          mb          W/m2          W/m2          W/m2        W/m2          W/m2       degree/day
  47   .000061        0.0075        0.0000        2.0203        2.0203       2.012783       0.00000
  46   .000117        0.0075        0.0000        2.0203        2.0203       2.012779       0.64017
  45   .000258        0.0075        0.0000        2.0203        2.0203       2.012757       1.34180
  44   .000625        0.0075        0.0000        2.0202        2.0202       2.012655       2.33187
  43   .001640        0.0075        0.0000        2.0198        2.0198       2.012300       2.95635
  42   .004480        0.0075        0.0000        2.0189        2.0189       2.011422       2.60976
  41    .01200        0.0075        0.0001        2.0175        2.0176       2.010146       1.43098
  40    .03000        0.0074        0.0002        2.0153        2.0155       2.008129       0.94565
  39    .06700        0.0072        0.0004        2.0091        2.0095       2.002332       1.32233
  38    0.1390        0.0068        0.0009        1.9877        1.9886       1.981808       2.40561
  37    0.2720        0.0062        0.0016        1.9237        1.9253       1.919058       3.98165
  36    0.5150        0.0053        0.0027        1.7674        1.7701       1.764833       5.35605
  35    0.9510        0.0040        0.0039        1.4286        1.4325       1.428495       6.51012
  34     1.290        0.0032        0.0041        1.1614        1.1655       1.162301       6.62670
  33     1.760        0.0025        0.0039        0.8429        0.8467       0.844251       5.71078
  32     2.410        0.0018        0.0032        0.5306        0.5338       0.532062       4.05325
  31     3.330        0.0013        0.0025        0.3014        0.3038       0.302595       2.10490
  30     4.640        0.0009        0.0018        0.1647        0.1665       0.165661       0.88214
  29     6.520        0.0006        0.0013        0.0878        0.0891       0.088554       0.34613
  28     9.300        0.0004        0.0010        0.0466        0.0475       0.047154       0.12568
  27     13.20        0.0002        0.0006        0.0232        0.0239       0.023669       0.05082
  26     19.07        0.0001        0.0004        0.0100        0.0103       0.010216       0.01934
  25     27.70        0.0000        0.0002        0.0035        0.0036       0.003578       0.00649
  24     32.20        0.0000        0.0001        0.0021        0.0023       0.002220       0.00255
  23     37.60        0.0000        0.0001        0.0013        0.0014       0.001339       0.00138
  22     43.70        0.0000        0.0000        0.0007        0.0008       0.000776       0.00078
  21     51.00        0.0000        0.0000        0.0004        0.0004       0.000429       0.00040
  20     59.50        0.0000        0.0000        0.0002        0.0002       0.000224       0.00020
  19     69.50        0.0000        0.0000        0.0001        0.0001       0.000110       0.00010
  18     81.20        0.0000        0.0000        0.0000        0.0001       0.000051       0.00004
  17     95.00        0.0000        0.0000        0.0000        0.0000       0.000022       0.00002
  16     111.0        0.0000        0.0000        0.0000        0.0000       0.000008       0.00001
  15     130.0        0.0000        0.0000        0.0000        0.0000       0.000003       0.00000
  14     153.0        0.0000        0.0000        0.0000        0.0000       0.000001       0.00000
  13     179.0        0.0000        0.0000        0.0000        0.0000       0.000000       0.00000
  12     209.0        0.0000        0.0000        0.0000        0.0000       0.000000       0.00000
  11     243.0        0.0000        0.0000        0.0000        0.0000       0.000000       0.00000
  10     281.0        0.0000        0.0000        0.0000        0.0000       0.000000       0.00000
   9     324.0        0.0000        0.0000        0.0000        0.0000       0.000000       0.00000
   8     372.0        0.0000        0.0000        0.0000        0.0000       0.000000       0.00000
   7     426.0        0.0000        0.0000        0.0000        0.0000       0.000000       0.00000
   6     487.0        0.0000        0.0000        0.0000        0.0000       0.000000       0.00000
   5     554.0        0.0000        0.0000        0.0000        0.0000       0.000000       0.00000
   4     628.0        0.0000        0.0000        0.0000        0.0000       0.000000       0.00000
   3     710.0        0.0000        0.0000        0.0000        0.0000       0.000000       0.00000
   2     802.0        0.0000        0.0000        0.0000        0.0000       0.000000       0.00000
   1     902.0        0.0000        0.0000        0.0000        0.0000       0.000000       0.00000
   0    1013.0        0.0000        0.0000        0.0000        0.0000       0.000000       0.00000



 Wavenumbers:   820. -  2600. cm-1, ATM      1
 LEVEL PRESSURE   UPWARD FLUX   DIFDOWN FLUX  DIRDOWN FLUX  DOWNWARD FLUX   NET FLUX    HEATING RATE
          mb          W/m2          W/m2          W/m2        W/m2          W/m2       degree/day
  47   .000061        0.3822        0.0000        9.3592        9.3592       8.976920       0.00000
  46   .000117        0.3822        0.0000        9.3591        9.3591       8.976846      11.11251
  45   .000258        0.3822        0.0000        9.3588        9.3588       8.976576      16.15797
  44   .000625        0.3822        0.0000        9.3583        9.3583       8.976037      12.40879
  43   .001640        0.3822        0.0000        9.3576        9.3576       8.975388       5.39139
  42   .004480        0.3822        0.0000        9.3564        9.3564       8.974145       3.69389
  41    .01200        0.3822        0.0000        9.3546        9.3546       8.972384       1.97639
  40    .03000        0.3822        0.0000        9.3534        9.3534       8.971169       0.56984
  39    .06700        0.3822        0.0000        9.3517        9.3517       8.969496       0.38156
  38    0.1390        0.3822        0.0000        9.3478        9.3478       8.965561       0.46117
  37    0.2720        0.3822        0.0000        9.3407        9.3407       8.958441       0.45177
  36    0.5150        0.3822        0.0000        9.3304        9.3304       8.948138       0.35782
  35    0.9510        0.3822        0.0000        9.3139        9.3139       8.931616       0.31979
  34     1.290        0.3822        0.0000        9.3012        9.3012       8.918905       0.31644
  33     1.760        0.3822        0.0000        9.2841        9.2841       8.901890       0.30551
  32     2.410        0.3823        0.0000        9.2613        9.2613       8.879039       0.29669
  31     3.330        0.3823        0.0000        9.2303        9.2303       8.848020       0.28453
  30     4.640        0.3823        0.0000        9.1885        9.1885       8.806205       0.26938
  29     6.520        0.3823        0.0000        9.1328        9.1328       8.750506       0.25003
  28     9.300        0.3823        0.0000        9.0584        9.0584       8.676174       0.22565
  27     13.20        0.3823        0.0000        8.9611        8.9611       8.578861       0.21057
  26     19.07        0.3823        0.0000        8.8474        8.8474       8.465147       0.16348
  25     27.70        0.3823        0.0000        8.7426        8.7426       8.360326       0.10250
  24     32.20        0.3823        0.0000        8.7085        8.7085       8.326218       0.06397
  23     37.60        0.3823        0.0000        8.6783        8.6783       8.295994       0.04723
  22     43.70        0.3823        0.0000        8.6497        8.6497       8.267440       0.03950
  21     51.00        0.3823        0.0000        8.6201        8.6201       8.237746       0.03433
  20     59.50        0.3823        0.0000        8.5867        8.5867       8.204412       0.03310
  19     69.50        0.3823        0.0000        8.5483        8.5483       8.165938       0.03247
  18     81.20        0.3824        0.0000        8.5041        8.5041       8.121764       0.03186
  17     95.00        0.3824        0.0000        8.4530        8.4530       8.070667       0.03125
  16     111.0        0.3824        0.0000        8.3935        8.3935       8.011134       0.03140
  15     130.0        0.3824        0.0000        8.3245        8.3245       7.942074       0.03067
  14     153.0        0.3825        0.0000        8.2399        8.2399       7.857459       0.03105
  13     179.0        0.3825        0.0000        8.1308        8.1308       7.748322       0.03542
  12     209.0        0.3826        0.0000        7.9579        7.9579       7.575311       0.04867
  11     243.0        0.3828        0.0000        7.6447        7.6447       7.261940       0.07778
  10     281.0        0.3831        0.0000        7.2094        7.2095       6.826370       0.09673
   9     324.0        0.3837        0.0000        6.7879        6.7879       6.404264       0.08284
   8     372.0        0.3845        0.0000        6.3295        6.3296       5.945026       0.08074
   7     426.0        0.3858        0.0000        5.7803        5.7804       5.394526       0.08603
   6     487.0        0.3876        0.0000        5.2743        5.2744       4.886711       0.07025
   5     554.0        0.3903        0.0000        4.9313        4.9314       4.541021       0.04354
   4     628.0        0.3952        0.0000        4.6523        4.6523       4.257131       0.03238
   3     710.0        0.4051        0.0000        4.2992        4.2992       3.894179       0.03735
   2     802.0        0.4258        0.0000        3.8643        3.8644       3.438561       0.04179
   1     902.0        0.4710        0.0000        3.3928        3.3928       2.921804       0.04361
   0    1013.0        0.5742        0.0000        2.8711        2.8711       2.296918       0.04751

  Modules and versions used in this calculation:

       rrtmg_sw.1col.f90:  $Revision: 33222 $            rrtmg_sw_init.f90:  $Revision: 33222 $
     rrtmgsw_cldprop.f90:  $Revision: 33222 $          rrtmgsw_cldprmc.f90:  NOT USED          
     rrtmg_sw_reftra.f90:  $Revision: 33222 $          rrtmg_sw_spcvrt.f90:  NOT USED          
     rrtmg_sw_spcvmc.f90:  NOT USED                    rrtmgsw_setcoef.f90:  NOT USED          
     rrtmg_sw_taumol.f90:  $Revision: 33222 $          rrtmg_sw_vrtqdr.f90:  NOT USED          
                rrtatm.f:  NOT USED                             util_xxx.f:  NOT USED          
                 extra.f:  NOT USED                       rrtmg_sw_k_g.f90:  $Revision: 33222 $

