

 Wavenumbers:   820. - 50000. cm-1, ATM      1
 LEVEL PRESSURE   UPWARD FLUX   DIFDOWN FLUX  DIRDOWN FLUX  DOWNWARD FLUX   NET FLUX    HEATING RATE
          mb          W/m2          W/m2          W/m2        W/m2          W/m2       degree/day
  47   .000061      175.2677        0.0000      962.2724      962.2724     787.004755       0.00000
  46   .000117      175.2676        0.0000      962.2723      962.2723     787.004660      14.38539
  45   .000258      175.2676        0.0000      962.2719      962.2719     787.004284      22.47244
  44   .000625      175.2676        0.0001      962.2709      962.2709     787.003296      22.73426
  43   .001640      175.2676        0.0002      962.2685      962.2687     787.001108      18.18659
  42   .004480      175.2674        0.0005      962.2628      962.2633     786.995907      15.45726
  41    .01200      175.2670        0.0012      962.2530      962.2543     786.987290       9.66961
  40    .03000      175.2659        0.0031      962.2379      962.2410     786.975094       5.71816
  39    .06700      175.2637        0.0069      962.2064      962.2133     786.949647       5.80407
  38    0.1390      175.2597        0.0144      962.1206      962.1350     786.875296       8.71466
  37    0.2720      175.2532        0.0281      961.8923      961.9204     786.667244      13.20135
  36    0.5150      175.2428        0.0525      961.3600      961.4125     786.169742      17.27774
  35    0.9510      175.2283        0.0951      960.1775      960.2726     785.044291      21.78405
  34     1.290      175.2205        0.1267      959.1691      959.2958     784.075239      24.12381
  33     1.760      175.2145        0.1687      957.8036      957.9724     782.757917      23.65334
  32     2.410      175.2147        0.2259      956.0990      956.3249     781.110242      21.39227
  31     3.330      175.2300        0.3053      954.1768      954.4821     779.252118      17.04454
  30     4.640      175.2713        0.4170      952.1132      952.5303     777.258970      12.84005
  29     6.520      175.3445        0.5759      949.9001      950.4760     775.131484       9.55009
  28     9.300      175.4447        0.8049      947.5208      948.3258     772.881021       6.83165
  27     13.20      175.5580        1.1361      944.9031      946.0392     770.481151       5.19304
  26     19.07      175.6725        1.6167      941.8867      943.5033     767.830842       3.81028
  25     27.70      175.7605        2.3184      938.3297      940.6481     764.887614       2.87814
  24     32.20      175.7681        2.6824      936.7579      939.4403     763.672153       2.27943
  23     37.60      175.7426        3.1071      935.1113      938.2184     762.475764       1.86972
  22     43.70      175.6811        3.6021      933.3564      936.9586     761.277458       1.65782
  21     51.00      175.5746        4.1789      931.4776      935.6565     760.081892       1.38213
  20     59.50      175.4129        4.8516      929.4493      934.3008     758.887925       1.18542
  19     69.50      175.1773        5.6363      927.2647      932.9010     757.723688       0.98252
  18     81.20      174.8389        6.5532      924.9335      931.4867     756.647832       0.77601
  17     95.00      174.3842        7.6233      922.4033      930.0267     755.642527       0.61478
  16     111.0      173.8238        8.8657      919.5542      928.4199     754.596180       0.55189
  15     130.0      173.1472       10.2908      916.3272      926.6180     753.470780       0.49986
  14     153.0      172.3356       11.9445      912.6224      924.5669     752.231320       0.45478
  13     179.0      171.3539       13.8504      908.3449      922.1953     750.841405       0.45114
  12     209.0      170.1899       15.9986      903.1633      919.1619     748.972007       0.52587
  11     243.0      168.8525       18.3709      896.3294      914.7002     745.847754       0.77547
  10     281.0      167.3293       20.9720      886.8508      907.8227     740.493418       1.18911
   9     324.0      165.6094       23.8037      875.0717      898.8754     733.266000       1.41845
   8     372.0      163.6816       26.8646      861.9260      888.7906     725.108984       1.43413
   7     426.0      161.5343       30.1492      846.7289      876.8781     715.343810       1.52611
   6     487.0      159.1574       33.6495      829.2640      862.9135     703.756151       1.60311
   5     554.0      156.5488       37.3519      809.8072      847.1591     690.610230       1.65583
   4     628.0      153.7472       41.2283      787.3965      828.6248     674.877584       1.79419
   3     710.0      150.8461       45.2402      761.8043      807.0444     656.198377       1.92240
   2     802.0      148.0616       49.3461      733.3915      782.7377     634.676048       1.97424
   1     902.0      145.8836       53.4972      702.5287      756.0259     610.142307       2.07044
   0    1013.0      145.5834       57.6442      670.2727      727.9169     582.333517       2.11426



 Wavenumbers:  2600. -  3250. cm-1, ATM      1
 LEVEL PRESSURE   UPWARD FLUX   DIFDOWN FLUX  DIRDOWN FLUX  DOWNWARD FLUX   NET FLUX    HEATING RATE
          mb          W/m2          W/m2          W/m2        W/m2          W/m2       degree/day
  47   .000061        0.5333        0.0000        8.4817        8.4817       7.948449       0.00000
  46   .000117        0.5333        0.0000        8.4817        8.4817       7.948449       0.00457
  45   .000258        0.5333        0.0000        8.4817        8.4817       7.948449       0.00494
  44   .000625        0.5333        0.0000        8.4817        8.4817       7.948448       0.00533
  43   .001640        0.5333        0.0000        8.4817        8.4817       7.948448       0.00568
  42   .004480        0.5333        0.0000        8.4817        8.4817       7.948446       0.00605
  41    .01200        0.5333        0.0000        8.4817        8.4817       7.948440       0.00615
  40    .03000        0.5333        0.0000        8.4817        8.4817       7.948427       0.00604
  39    .06700        0.5333        0.0000        8.4817        8.4817       7.948400       0.00615
  38    0.1390        0.5333        0.0000        8.4816        8.4816       7.948348       0.00611
  37    0.2720        0.5333        0.0000        8.4815        8.4815       7.948252       0.00610
  36    0.5150        0.5333        0.0000        8.4814        8.4814       7.948073       0.00620
  35    0.9510        0.5333        0.0000        8.4810        8.4810       7.947705       0.00713
  34     1.290        0.5333        0.0000        8.4806        8.4806       7.947358       0.00864
  33     1.760        0.5333        0.0000        8.4801        8.4801       7.946783       0.01032
  32     2.410        0.5333        0.0000        8.4791        8.4791       7.945840       0.01224
  31     3.330        0.5333        0.0000        8.4776        8.4776       7.944327       0.01388
  30     4.640        0.5333        0.0000        8.4752        8.4752       7.941956       0.01527
  29     6.520        0.5333        0.0000        8.4716        8.4716       7.938343       0.01622
  28     9.300        0.5333        0.0000        8.4663        8.4663       7.933026       0.01614
  27     13.20        0.5333        0.0000        8.4589        8.4589       7.925583       0.01611
  26     19.07        0.5333        0.0000        8.4492        8.4492       7.915888       0.01394
  25     27.70        0.5333        0.0000        8.4373        8.4373       7.904034       0.01159
  24     32.20        0.5333        0.0000        8.4317        8.4317       7.898410       0.01055
  23     37.60        0.5333        0.0000        8.4251        8.4251       7.891802       0.01033
  22     43.70        0.5333        0.0000        8.4171        8.4172       7.883876       0.01097
  21     51.00        0.5333        0.0000        8.4074        8.4074       7.874101       0.01130
  20     59.50        0.5333        0.0000        8.3951        8.3951       7.861791       0.01222
  19     69.50        0.5333        0.0000        8.3795        8.3795       7.846204       0.01315
  18     81.20        0.5333        0.0000        8.3598        8.3599       7.826573       0.01416
  17     95.00        0.5333        0.0000        8.3355        8.3355       7.802211       0.01490
  16     111.0        0.5333        0.0000        8.3050        8.3051       7.771730       0.01608
  15     130.0        0.5334        0.0001        8.2687        8.2688       7.735421       0.01613
  14     153.0        0.5334        0.0001        8.2261        8.2262       7.692755       0.01566
  13     179.0        0.5335        0.0001        8.1771        8.1771       7.643660       0.01594
  12     209.0        0.5336        0.0001        8.1205        8.1206       7.586992       0.01594
  11     243.0        0.5338        0.0001        8.0484        8.0485       7.514663       0.01795
  10     281.0        0.5343        0.0001        7.9510        7.9511       7.416830       0.02173
   9     324.0        0.5351        0.0001        7.8287        7.8288       7.293727       0.02416
   8     372.0        0.5363        0.0001        7.6823        7.6824       7.146053       0.02596
   7     426.0        0.5383        0.0001        7.4908        7.4909       6.952662       0.03022
   6     487.0        0.5413        0.0002        7.2245        7.2247       6.683376       0.03725
   5     554.0        0.5460        0.0002        6.8690        6.8692       6.323202       0.04537
   4     628.0        0.5541        0.0002        6.3975        6.3977       5.843570       0.05470
   3     710.0        0.5684        0.0002        5.8507        5.8509       5.282475       0.05775
   2     802.0        0.5949        0.0002        5.2398        5.2400       4.645115       0.05846
   1     902.0        0.6480        0.0002        4.5552        4.5554       3.907375       0.06226
   0    1013.0        0.7696        0.0002        3.8479        3.8480       3.078440       0.06302



 Wavenumbers:  3250. -  4000. cm-1, ATM      1
 LEVEL PRESSURE   UPWARD FLUX   DIFDOWN FLUX  DIRDOWN FLUX  DOWNWARD FLUX   NET FLUX    HEATING RATE
          mb          W/m2          W/m2          W/m2        W/m2          W/m2       degree/day
  47   .000061        0.0007        0.0000       14.2999       14.2999      14.299210       0.00000
  46   .000117        0.0007        0.0000       14.2999       14.2999      14.299202       1.29553
  45   .000258        0.0007        0.0000       14.2998       14.2998      14.299164       2.24426
  44   .000625        0.0007        0.0000       14.2997       14.2997      14.299018       3.36261
  43   .001640        0.0007        0.0000       14.2992       14.2992      14.298536       4.00812
  42   .004480        0.0007        0.0000       14.2979       14.2979      14.297209       3.94285
  41    .01200        0.0007        0.0000       14.2950       14.2950      14.294325       3.23706
  40    .03000        0.0007        0.0000       14.2905       14.2905      14.289857       2.09441
  39    .06700        0.0007        0.0000       14.2851       14.2851      14.284408       1.24283
  38    0.1390        0.0007        0.0000       14.2775       14.2775      14.276797       0.89215
  37    0.2720        0.0007        0.0000       14.2665       14.2665      14.265796       0.69805
  36    0.5150        0.0007        0.0000       14.2523       14.2523      14.251607       0.49275
  35    0.9510        0.0007        0.0000       14.2326       14.2326      14.231911       0.38123
  34     1.290        0.0007        0.0000       14.2194       14.2194      14.218685       0.32927
  33     1.760        0.0007        0.0000       14.2036       14.2036      14.202976       0.28206
  32     2.410        0.0007        0.0000       14.1854       14.1854      14.184725       0.23695
  31     3.330        0.0007        0.0000       14.1640       14.1640      14.163330       0.19626
  30     4.640        0.0007        0.0000       14.1379       14.1379      14.137189       0.16840
  29     6.520        0.0007        0.0000       14.1034       14.1034      14.102702       0.15481
  28     9.300        0.0007        0.0000       14.0536       14.0536      14.052918       0.15113
  27     13.20        0.0007        0.0000       13.9778       13.9778      13.977152       0.16395
  26     19.07        0.0006        0.0000       13.8612       13.8613      13.860611       0.16755
  25     27.70        0.0006        0.0000       13.6851       13.6851      13.684504       0.17221
  24     32.20        0.0006        0.0000       13.5950       13.5951      13.594462       0.16886
  23     37.60        0.0006        0.0001       13.4941       13.4941      13.493488       0.15780
  22     43.70        0.0006        0.0001       13.3831       13.3832      13.382585       0.15343
  21     51.00        0.0006        0.0001       13.2641       13.2641      13.263534       0.13763
  20     59.50        0.0006        0.0001       13.1372       13.1373      13.136685       0.12594
  19     69.50        0.0006        0.0001       13.0016       13.0017      13.001155       0.11438
  18     81.20        0.0006        0.0001       12.8525       12.8526      12.851998       0.10759
  17     95.00        0.0006        0.0001       12.6838       12.6839      12.683346       0.10314
  16     111.0        0.0005        0.0001       12.4818       12.4820      12.481426       0.10650
  15     130.0        0.0005        0.0002       12.2524       12.2526      12.252080       0.10187
  14     153.0        0.0005        0.0002       11.9857       11.9858      11.985354       0.09787
  13     179.0        0.0005        0.0002       11.6628       11.6630      11.662512       0.10479
  12     209.0        0.0004        0.0002       11.1659       11.1661      11.165683       0.13976
  11     243.0        0.0004        0.0003       10.3822       10.3824      10.382017       0.19451
  10     281.0        0.0004        0.0003        9.2406        9.2409       9.240499       0.25351
   9     324.0        0.0003        0.0003        7.9748        7.9750       7.974676       0.24843
   8     372.0        0.0003        0.0002        6.7404        6.7406       6.740294       0.21702
   7     426.0        0.0003        0.0002        5.5509        5.5511       5.550846       0.18589
   6     487.0        0.0003        0.0002        4.5039        4.5041       4.503803       0.14485
   5     554.0        0.0003        0.0002        3.5607        3.5609       3.560632       0.11880
   4     628.0        0.0003        0.0001        2.6400        2.6402       2.639876       0.10501
   3     710.0        0.0004        0.0001        1.7383        1.7384       1.738095       0.09281
   2     802.0        0.0006        0.0001        0.9509        0.9510       0.950347       0.07226
   1     902.0        0.0021        0.0000        0.3879        0.3879       0.385780       0.04764
   0    1013.0        0.0173        0.0000        0.0866        0.0866       0.069308       0.02406



 Wavenumbers:  4000. -  4650. cm-1, ATM      1
 LEVEL PRESSURE   UPWARD FLUX   DIFDOWN FLUX  DIRDOWN FLUX  DOWNWARD FLUX   NET FLUX    HEATING RATE
          mb          W/m2          W/m2          W/m2        W/m2          W/m2       degree/day
  47   .000061        2.0237        0.0000       16.7933       16.7933      14.769653       0.00000
  46   .000117        2.0237        0.0000       16.7933       16.7933      14.769653       0.00058
  45   .000258        2.0237        0.0000       16.7933       16.7933      14.769653       0.00062
  44   .000625        2.0237        0.0000       16.7933       16.7933      14.769653       0.00067
  43   .001640        2.0237        0.0000       16.7933       16.7933      14.769653       0.00071
  42   .004480        2.0237        0.0000       16.7933       16.7933      14.769653       0.00075
  41    .01200        2.0237        0.0000       16.7933       16.7933      14.769652       0.00077
  40    .03000        2.0237        0.0000       16.7933       16.7933      14.769650       0.00075
  39    .06700        2.0237        0.0000       16.7933       16.7933      14.769647       0.00077
  38    0.1390        2.0237        0.0000       16.7933       16.7933      14.769640       0.00076
  37    0.2720        2.0237        0.0000       16.7933       16.7933      14.769628       0.00076
  36    0.5150        2.0237        0.0000       16.7933       16.7933      14.769606       0.00078
  35    0.9510        2.0237        0.0000       16.7932       16.7932      14.769560       0.00089
  34     1.290        2.0237        0.0000       16.7932       16.7932      14.769516       0.00109
  33     1.760        2.0237        0.0000       16.7931       16.7931      14.769443       0.00131
  32     2.410        2.0237        0.0000       16.7930       16.7930      14.769321       0.00158
  31     3.330        2.0237        0.0000       16.7928       16.7928      14.769120       0.00184
  30     4.640        2.0237        0.0000       16.7924       16.7925      14.768793       0.00211
  29     6.520        2.0237        0.0000       16.7919       16.7919      14.768261       0.00239
  28     9.300        2.0237        0.0000       16.7910       16.7910      14.767395       0.00263
  27     13.20        2.0236        0.0001       16.7896       16.7896      14.765980       0.00306
  26     19.07        2.0236        0.0001       16.7872       16.7873      14.763656       0.00334
  25     27.70        2.0236        0.0001       16.7833       16.7834      14.759841       0.00373
  24     32.20        2.0236        0.0001       16.7811       16.7812      14.757630       0.00415
  23     37.60        2.0236        0.0001       16.7782       16.7784      14.754765       0.00448
  22     43.70        2.0236        0.0002       16.7745       16.7747      14.751092       0.00508
  21     51.00        2.0236        0.0002       16.7698       16.7700      14.746435       0.00538
  20     59.50        2.0236        0.0002       16.7640       16.7642      14.740622       0.00577
  19     69.50        2.0236        0.0003       16.7568       16.7571      14.733483       0.00602
  18     81.20        2.0236        0.0003       16.7481       16.7484      14.724834       0.00624
  17     95.00        2.0236        0.0004       16.7377       16.7381      14.714459       0.00634
  16     111.0        2.0236        0.0004       16.7248       16.7253      14.701661       0.00675
  15     130.0        2.0237        0.0005       16.7096       16.7101      14.686456       0.00675
  14     153.0        2.0238        0.0006       16.6914       16.6920      14.668224       0.00669
  13     179.0        2.0239        0.0007       16.6693       16.6700      14.646088       0.00718
  12     209.0        2.0242        0.0008       16.6414       16.6422      14.617951       0.00792
  11     243.0        2.0248        0.0010       16.6006       16.6016      14.576807       0.01021
  10     281.0        2.0258        0.0011       16.5354       16.5365      14.510704       0.01468
   9     324.0        2.0276        0.0013       16.4411       16.4423      14.414747       0.01883
   8     372.0        2.0303        0.0014       16.3099       16.3113      14.280991       0.02352
   7     426.0        2.0340        0.0016       16.1162       16.1178      14.083828       0.03081
   6     487.0        2.0392        0.0018       15.8440       15.8458      13.806675       0.03834
   5     554.0        2.0466        0.0020       15.5034       15.5055      13.458867       0.04381
   4     628.0        2.0585        0.0022       15.0885       15.0907      13.032269       0.04865
   3     710.0        2.0792        0.0024       14.5508       14.5533      12.474034       0.05745
   2     802.0        2.1183        0.0026       13.7838       13.7864      11.668103       0.07393
   1     902.0        2.1960        0.0027       12.8210       12.8237      10.627669       0.08780
   0    1013.0        2.3680        0.0028       11.8374       11.8402       9.472185       0.08785



 Wavenumbers:  4650. -  5150. cm-1, ATM      1
 LEVEL PRESSURE   UPWARD FLUX   DIFDOWN FLUX  DIRDOWN FLUX  DOWNWARD FLUX   NET FLUX    HEATING RATE
          mb          W/m2          W/m2          W/m2        W/m2          W/m2       degree/day
  47   .000061        1.4731        0.0000       15.8971       15.8971      14.423968       0.00000
  46   .000117        1.4731        0.0000       15.8971       15.8971      14.423968       0.04730
  45   .000258        1.4731        0.0000       15.8971       15.8971      14.423967       0.08268
  44   .000625        1.4731        0.0000       15.8971       15.8971      14.423961       0.12507
  43   .001640        1.4731        0.0000       15.8971       15.8971      14.423943       0.15296
  42   .004480        1.4731        0.0000       15.8970       15.8970      14.423888       0.16338
  41    .01200        1.4731        0.0000       15.8969       15.8969      14.423740       0.16584
  40    .03000        1.4731        0.0000       15.8965       15.8965      14.423389       0.16461
  39    .06700        1.4731        0.0000       15.8958       15.8958      14.422656       0.16721
  38    0.1390        1.4731        0.0000       15.8944       15.8944      14.421254       0.16429
  37    0.2720        1.4731        0.0000       15.8919       15.8919      14.418719       0.16084
  36    0.5150        1.4731        0.0000       15.8875       15.8875      14.414312       0.15307
  35    0.9510        1.4731        0.0000       15.8801       15.8801      14.406913       0.14320
  34     1.290        1.4731        0.0000       15.8748       15.8748      14.401636       0.13136
  33     1.760        1.4731        0.0000       15.8681       15.8681      14.394957       0.11993
  32     2.410        1.4731        0.0000       15.8598       15.8598      14.386678       0.10750
  31     3.330        1.4731        0.0000       15.8499       15.8499      14.376750       0.09107
  30     4.640        1.4731        0.0000       15.8385       15.8385      14.365351       0.07343
  29     6.520        1.4731        0.0000       15.8260       15.8260      14.352908       0.05586
  28     9.300        1.4731        0.0001       15.8127       15.8128      14.339642       0.04027
  27     13.20        1.4731        0.0001       15.7978       15.7979      14.324819       0.03207
  26     19.07        1.4731        0.0001       15.7782       15.7783      14.305243       0.02814
  25     27.70        1.4731        0.0002       15.7469       15.7471      14.273982       0.03057
  24     32.20        1.4731        0.0002       15.7288       15.7290      14.255868       0.03397
  23     37.60        1.4731        0.0002       15.7060       15.7063      14.233168       0.03548
  22     43.70        1.4731        0.0003       15.6776       15.6779      14.204757       0.03931
  21     51.00        1.4731        0.0003       15.6423       15.6426      14.169444       0.04082
  20     59.50        1.4732        0.0004       15.5987       15.5990      14.125846       0.04329
  19     69.50        1.4732        0.0004       15.5453       15.5457      14.072489       0.04503
  18     81.20        1.4733        0.0005       15.4810       15.4815      14.008175       0.04639
  17     95.00        1.4734        0.0006       15.4049       15.4054      13.931986       0.04659
  16     111.0        1.4736        0.0006       15.3166       15.3173      13.843672       0.04658
  15     130.0        1.4738        0.0008       15.2167       15.2175      13.743663       0.04442
  14     153.0        1.4742        0.0009       15.1057       15.1065      13.632381       0.04083
  13     179.0        1.4746        0.0010       14.9849       14.9859      13.511275       0.03931
  12     209.0        1.4753        0.0012       14.8570       14.8582      13.382883       0.03612
  11     243.0        1.4763        0.0014       14.7208       14.7222      13.245918       0.03400
  10     281.0        1.4779        0.0015       14.5674       14.5690      13.091100       0.03438
   9     324.0        1.4804        0.0018       14.3854       14.3871      12.906725       0.03619
   8     372.0        1.4841        0.0020       14.1666       14.1686      12.684485       0.03907
   7     426.0        1.4896        0.0022       13.8952       13.8974      12.407822       0.04324
   6     487.0        1.4976        0.0025       13.5518       13.5543      12.056671       0.04858
   5     554.0        1.5094        0.0027       13.1192       13.1219      11.612519       0.05594
   4     628.0        1.5277        0.0030       12.5670       12.5699      11.042205       0.06504
   3     710.0        1.5577        0.0032       11.8782       11.8814      10.323690       0.07395
   2     802.0        1.6088        0.0033       11.0761       11.0795       9.470641       0.07825
   1     902.0        1.7013        0.0035       10.2095       10.2129       8.511650       0.08093
   0    1013.0        1.8720        0.0036        9.3566        9.3601       7.488105       0.07782



 Wavenumbers:  5150. -  6150. cm-1, ATM      1
 LEVEL PRESSURE   UPWARD FLUX   DIFDOWN FLUX  DIRDOWN FLUX  DOWNWARD FLUX   NET FLUX    HEATING RATE
          mb          W/m2          W/m2          W/m2        W/m2          W/m2       degree/day
  47   .000061        3.5758        0.0000       39.8563       39.8563      36.280510       0.00000
  46   .000117        3.5758        0.0000       39.8563       39.8563      36.280510       0.00284
  45   .000258        3.5758        0.0000       39.8563       39.8563      36.280510       0.00327
  44   .000625        3.5758        0.0000       39.8563       39.8563      36.280510       0.00412
  43   .001640        3.5758        0.0000       39.8563       39.8563      36.280509       0.00599
  42   .004480        3.5758        0.0000       39.8563       39.8563      36.280506       0.00921
  41    .01200        3.5758        0.0000       39.8563       39.8563      36.280493       0.01420
  40    .03000        3.5758        0.0000       39.8562       39.8562      36.280450       0.02033
  39    .06700        3.5758        0.0000       39.8561       39.8561      36.280331       0.02708
  38    0.1390        3.5758        0.0000       39.8558       39.8558      36.280053       0.03263
  37    0.2720        3.5758        0.0000       39.8552       39.8552      36.279458       0.03773
  36    0.5150        3.5758        0.0000       39.8540       39.8540      36.278278       0.04100
  35    0.9510        3.5758        0.0000       39.8518       39.8518      36.276059       0.04295
  34     1.290        3.5757        0.0000       39.8500       39.8501      36.274325       0.04315
  33     1.760        3.5757        0.0000       39.8476       39.8477      36.271959       0.04249
  32     2.410        3.5757        0.0001       39.8444       39.8445      36.268730       0.04193
  31     3.330        3.5757        0.0001       39.8400       39.8401      36.264356       0.04012
  30     4.640        3.5757        0.0001       39.8339       39.8341      36.258369       0.03857
  29     6.520        3.5757        0.0002       39.8255       39.8257      36.250025       0.03746
  28     9.300        3.5756        0.0003       39.8137       39.8140      36.238338       0.03548
  27     13.20        3.5756        0.0004       39.7974       39.7978      36.222236       0.03484
  26     19.07        3.5755        0.0005       39.7755       39.7760      36.200561       0.03116
  25     27.70        3.5754        0.0008       39.7466       39.7473      36.171967       0.02796
  24     32.20        3.5753        0.0009       39.7328       39.7337      36.158396       0.02545
  23     37.60        3.5753        0.0010       39.7178       39.7188      36.143584       0.02315
  22     43.70        3.5752        0.0012       39.7016       39.7028      36.127583       0.02214
  21     51.00        3.5752        0.0014       39.6841       39.6855      36.110342       0.01993
  20     59.50        3.5751        0.0016       39.6651       39.6667      36.091563       0.01864
  19     69.50        3.5750        0.0019       39.6442       39.6460      36.070997       0.01736
  18     81.20        3.5750        0.0022       39.6211       39.6233      36.048285       0.01638
  17     95.00        3.5749        0.0026       39.5950       39.5976      36.022661       0.01567
  16     111.0        3.5749        0.0030       39.5653       39.5682      35.993396       0.01544
  15     130.0        3.5748        0.0035       39.5312       39.5347      35.959947       0.01486
  14     153.0        3.5747        0.0041       39.4858       39.4899      35.915140       0.01644
  13     179.0        3.5746        0.0048       39.4143       39.4190      35.844391       0.02296
  12     209.0        3.5746        0.0056       39.2501       39.2556      35.681045       0.04595
  11     243.0        3.5746        0.0064       38.8104       38.8168      35.242186       0.10893
  10     281.0        3.5748        0.0072       37.7749       37.7821      34.207274       0.22984
   9     324.0        3.5753        0.0080       36.3719       36.3799      32.804599       0.27529
   8     372.0        3.5762        0.0088       34.8554       34.8642      31.287962       0.26665
   7     426.0        3.5778        0.0095       32.9699       32.9794      29.401656       0.29479
   6     487.0        3.5803        0.0101       30.8283       30.8384      27.258077       0.29656
   5     554.0        3.5848        0.0108       28.6062       28.6169      25.032172       0.28037
   4     628.0        3.5933        0.0114       26.3440       26.3554      22.762090       0.25889
   3     710.0        3.6110        0.0120       24.3067       24.3188      20.707776       0.21142
   2     802.0        3.6494        0.0128       22.6824       22.6952      19.045848       0.15245
   1     902.0        3.7378        0.0136       21.2936       21.3072      17.569372       0.12460
   0    1013.0        3.9753        0.0143       19.8621       19.8765      15.901172       0.12683



 Wavenumbers:  6150. -  7700. cm-1, ATM      1
 LEVEL PRESSURE   UPWARD FLUX   DIFDOWN FLUX  DIRDOWN FLUX  DOWNWARD FLUX   NET FLUX    HEATING RATE
          mb          W/m2          W/m2          W/m2        W/m2          W/m2       degree/day
  47   .000061        5.3977        0.0000       73.7083       73.7083      68.310571       0.00000
  46   .000117        5.3977        0.0000       73.7083       73.7083      68.310570       0.00609
  45   .000258        5.3977        0.0000       73.7083       73.7083      68.310570       0.00890
  44   .000625        5.3977        0.0000       73.7083       73.7083      68.310570       0.01264
  43   .001640        5.3977        0.0000       73.7083       73.7083      68.310568       0.01643
  42   .004480        5.3977        0.0000       73.7083       73.7083      68.310561       0.02040
  41    .01200        5.3977        0.0000       73.7083       73.7083      68.310538       0.02568
  40    .03000        5.3977        0.0000       73.7082       73.7082      68.310470       0.03201
  39    .06700        5.3977        0.0000       73.7080       73.7080      68.310297       0.03939
  38    0.1390        5.3977        0.0000       73.7076       73.7076      68.309911       0.04530
  37    0.2720        5.3977        0.0000       73.7068       73.7068      68.309109       0.05085
  36    0.5150        5.3977        0.0001       73.7052       73.7052      68.307543       0.05439
  35    0.9510        5.3976        0.0001       73.7021       73.7023      68.304617       0.05663
  34     1.290        5.3976        0.0001       73.6998       73.6999      68.302334       0.05683
  33     1.760        5.3976        0.0002       73.6966       73.6968      68.299215       0.05600
  32     2.410        5.3975        0.0003       73.6922       73.6924      68.294943       0.05547
  31     3.330        5.3974        0.0004       73.6861       73.6865      68.289116       0.05345
  30     4.640        5.3973        0.0005       73.6778       73.6784      68.281081       0.05177
  29     6.520        5.3971        0.0007       73.6662       73.6669      68.269811       0.05059
  28     9.300        5.3968        0.0010       73.6497       73.6507      68.253884       0.04835
  27     13.20        5.3965        0.0015       73.6266       73.6281      68.231622       0.04817
  26     19.07        5.3959        0.0022       73.5947       73.5969      68.200972       0.04406
  25     27.70        5.3951        0.0031       73.5512       73.5543      68.159265       0.04078
  24     32.20        5.3946        0.0036       73.5300       73.5336      68.138967       0.03807
  23     37.60        5.3941        0.0042       73.5063       73.5106      68.116436       0.03521
  22     43.70        5.3935        0.0049       73.4803       73.4852      68.091634       0.03431
  21     51.00        5.3929        0.0057       73.4515       73.4572      68.064389       0.03150
  20     59.50        5.3920        0.0067       73.4195       73.4262      68.034196       0.02998
  19     69.50        5.3911        0.0078       73.3839       73.3917      68.000612       0.02834
  18     81.20        5.3900        0.0091       73.3438       73.3529      67.962911       0.02719
  17     95.00        5.3887        0.0107       73.2979       73.3086      67.919947       0.02627
  16     111.0        5.3871        0.0125       73.2451       73.2575      67.870389       0.02614
  15     130.0        5.3853        0.0146       73.1838       73.1984      67.813062       0.02546
  14     153.0        5.3832        0.0170       73.1035       73.1206      67.737317       0.02779
  13     179.0        5.3808        0.0199       72.9814       73.0013      67.620484       0.03792
  12     209.0        5.3780        0.0232       72.7114       72.7346      67.356572       0.07424
  11     243.0        5.3751        0.0267       72.0466       72.0732      66.698171       0.16342
  10     281.0        5.3721        0.0302       70.6256       70.6558      65.283727       0.31412
   9     324.0        5.3694        0.0336       68.3039       68.3374      62.968014       0.45448
   8     372.0        5.3674        0.0370       65.6246       65.6616      60.294227       0.47009
   7     426.0        5.3668        0.0403       62.4746       62.5148      57.148041       0.49169
   6     487.0        5.3689        0.0431       58.6584       58.7015      53.332644       0.52785
   5     554.0        5.3760        0.0456       54.4476       54.4932      49.117203       0.53097
   4     628.0        5.3946        0.0474       49.7611       49.8085      44.413847       0.53638
   3     710.0        5.4389        0.0487       44.8405       44.8892      39.450322       0.51083
   2     802.0        5.5392        0.0495       40.0404       40.0899      34.550685       0.44944
   1     902.0        5.7690        0.0500       35.6169       35.6669      29.897904       0.39265
   0    1013.0        6.3628        0.0507       31.7633       31.8140      25.451185       0.33808



 Wavenumbers:  7700. -  8050. cm-1, ATM      1
 LEVEL PRESSURE   UPWARD FLUX   DIFDOWN FLUX  DIRDOWN FLUX  DOWNWARD FLUX   NET FLUX    HEATING RATE
          mb          W/m2          W/m2          W/m2        W/m2          W/m2       degree/day
  47   .000061        2.8639        0.0000       17.4181       17.4181      14.554282       0.00000
  46   .000117        2.8639        0.0000       17.4181       17.4181      14.554282       0.01026
  45   .000258        2.8639        0.0000       17.4181       17.4181      14.554282       0.01143
  44   .000625        2.8639        0.0000       17.4181       17.4181      14.554281       0.01283
  43   .001640        2.8639        0.0000       17.4181       17.4181      14.554279       0.01373
  42   .004480        2.8639        0.0000       17.4181       17.4181      14.554275       0.01435
  41    .01200        2.8639        0.0000       17.4181       17.4181      14.554261       0.01486
  40    .03000        2.8639        0.0000       17.4181       17.4181      14.554230       0.01488
  39    .06700        2.8639        0.0000       17.4180       17.4180      14.554163       0.01518
  38    0.1390        2.8639        0.0000       17.4179       17.4179      14.554034       0.01512
  37    0.2720        2.8639        0.0000       17.4177       17.4177      14.553795       0.01516
  36    0.5150        2.8639        0.0000       17.4173       17.4173      14.553361       0.01507
  35    0.9510        2.8640        0.0000       17.4165       17.4166      14.552578       0.01516
  34     1.290        2.8640        0.0001       17.4160       17.4160      14.551971       0.01510
  33     1.760        2.8641        0.0001       17.4152       17.4153      14.551137       0.01498
  32     2.410        2.8642        0.0001       17.4141       17.4142      14.549972       0.01513
  31     3.330        2.8643        0.0002       17.4125       17.4127      14.548331       0.01505
  30     4.640        2.8645        0.0002       17.4103       17.4105      14.546000       0.01502
  29     6.520        2.8648        0.0003       17.4072       17.4075      14.542658       0.01500
  28     9.300        2.8652        0.0004       17.4026       17.4030      14.537809       0.01472
  27     13.20        2.8658        0.0006       17.3959       17.3966      14.530754       0.01527
  26     19.07        2.8667        0.0009       17.3862       17.3871      14.520439       0.01483
  25     27.70        2.8679        0.0013       17.3719       17.3732      14.505266       0.01484
  24     32.20        2.8686        0.0015       17.3644       17.3660      14.497365       0.01482
  23     37.60        2.8694        0.0018       17.3557       17.3575      14.488133       0.01443
  22     43.70        2.8703        0.0021       17.3456       17.3477      14.477351       0.01492
  21     51.00        2.8714        0.0024       17.3337       17.3362      14.464763       0.01455
  20     59.50        2.8727        0.0028       17.3199       17.3227      14.450047       0.01461
  19     69.50        2.8742        0.0033       17.3037       17.3070      14.432839       0.01452
  18     81.20        2.8760        0.0038       17.2849       17.2887      14.412722       0.01451
  17     95.00        2.8781        0.0045       17.2628       17.2673      14.389212       0.01438
  16     111.0        2.8806        0.0052       17.2372       17.2424      14.361827       0.01444
  15     130.0        2.8835        0.0061       17.2074       17.2135      14.330024       0.01413
  14     153.0        2.8870        0.0071       17.1728       17.1800      14.292991       0.01359
  13     179.0        2.8912        0.0083       17.1328       17.1411      14.249956       0.01397
  12     209.0        2.8960        0.0097       17.0872       17.0969      14.200936       0.01379
  11     243.0        2.9016        0.0113       17.0364       17.0476      14.146034       0.01363
  10     281.0        2.9081        0.0130       16.9797       16.9927      14.084684       0.01362
   9     324.0        2.9156        0.0149       16.9168       16.9317      14.016173       0.01345
   8     372.0        2.9243        0.0171       16.8469       16.8640      13.939708       0.01344
   7     426.0        2.9345        0.0195       16.7691       16.7886      13.854088       0.01338
   6     487.0        2.9467        0.0221       16.6822       16.7042      13.757528       0.01336
   5     554.0        2.9614        0.0250       16.5841       16.6091      13.647749       0.01383
   4     628.0        2.9795        0.0281       16.4711       16.4993      13.519733       0.01460
   3     710.0        3.0031        0.0316       16.3361       16.3677      13.364653       0.01596
   2     802.0        3.0351        0.0352       16.1689       16.2041      13.169077       0.01794
   1     902.0        3.0804        0.0391       15.9564       15.9955      12.915082       0.02143
   0    1013.0        3.1462        0.0431       15.6877       15.7309      12.584682       0.02512



 Wavenumbers:  8050. - 12850. cm-1, ATM      1
 LEVEL PRESSURE   UPWARD FLUX   DIFDOWN FLUX  DIRDOWN FLUX  DOWNWARD FLUX   NET FLUX    HEATING RATE
          mb          W/m2          W/m2          W/m2        W/m2          W/m2       degree/day
  47   .000061       35.3665        0.0000      243.8307      243.8307     208.464142       0.00000
  46   .000117       35.3665        0.0000      243.8307      243.8307     208.464142      -0.00000
  45   .000258       35.3665        0.0000      243.8307      243.8307     208.464142       0.00000
  44   .000625       35.3665        0.0000      243.8307      243.8307     208.464142      -0.00000
  43   .001640       35.3665        0.0000      243.8307      243.8307     208.464142       0.00000
  42   .004480       35.3665        0.0000      243.8307      243.8307     208.464142       0.00000
  41    .01200       35.3665        0.0000      243.8306      243.8307     208.464142      -0.00000
  40    .03000       35.3665        0.0001      243.8306      243.8306     208.464142       0.00000
  39    .06700       35.3664        0.0002      243.8304      243.8306     208.464142       0.00000
  38    0.1390       35.3663        0.0003      243.8301      243.8304     208.464142      -0.00000
  37    0.2720       35.3661        0.0006      243.8296      243.8302     208.464142       0.00000
  36    0.5150       35.3657        0.0012      243.8286      243.8298     208.464142       0.00000
  35    0.9510       35.3650        0.0022      243.8269      243.8291     208.464142      -0.00000
  34     1.290       35.3644        0.0030      243.8256      243.8285     208.464142       0.00000
  33     1.760       35.3636        0.0040      243.8237      243.8278     208.464142       0.00000
  32     2.410       35.3626        0.0055      243.8212      243.8267     208.464142      -0.00000
  31     3.330       35.3611        0.0076      243.8175      243.8252     208.464142       0.00000
  30     4.640       35.3589        0.0106      243.8124      243.8230     208.464142       0.00000
  29     6.520       35.3558        0.0149      243.8050      243.8200     208.464142      -0.00000
  28     9.300       35.3513        0.0212      243.7943      243.8155     208.464142       0.00000
  27     13.20       35.3448        0.0303      243.7787      243.8090     208.464142      -0.00000
  26     19.07       35.3353        0.0436      243.7558      243.7994     208.464142      -0.00000
  25     27.70       35.3212        0.0633      243.7220      243.7853     208.464142       0.00000
  24     32.20       35.3138        0.0736      243.7044      243.7779     208.464142      -0.00000
  23     37.60       35.3052        0.0856      243.6837      243.7693     208.464142      -0.00000
  22     43.70       35.2951        0.0997      243.6595      243.7592     208.464142       0.00000
  21     51.00       35.2832        0.1162      243.6312      243.7474     208.464142       0.00000
  20     59.50       35.2694        0.1355      243.5980      243.7335     208.464142      -0.00000
  19     69.50       35.2531        0.1582      243.5590      243.7172     208.464142       0.00000
  18     81.20       35.2339        0.1849      243.5132      243.6981     208.464142       0.00000
  17     95.00       35.2114        0.2162      243.4594      243.6756     208.464142       0.00000
  16     111.0       35.1851        0.2529      243.3910      243.6439     208.458741       0.00285
  15     130.0       35.1544        0.2957      243.3109      243.6066     208.452248       0.00288
  14     153.0       35.1182        0.3461      243.2150      243.5610     208.442801       0.00347
  13     179.0       35.0759        0.4050      243.0967      243.5018     208.425861       0.00550
  12     209.0       35.0273        0.4728      242.9305      243.4033     208.375991       0.01403
  11     243.0       34.9726        0.5492      242.6160      243.1652     208.192507       0.04554
  10     281.0       34.9124        0.6345      241.9572      242.5917     207.679302       0.11397
   9     324.0       34.8474        0.7292      240.8987      241.6279     206.780569       0.17638
   8     372.0       34.7786        0.8341      239.5221      240.3561     205.577510       0.21152
   7     426.0       34.7092        0.9488      237.6436      238.5924     203.883126       0.26480
   6     487.0       34.6449        1.0730      235.0040      236.0770     201.432148       0.33908
   5     554.0       34.5955        1.2059      231.4192      232.6251     198.029598       0.42858
   4     628.0       34.5896        1.3439      226.3071      227.6510     193.061401       0.56659
   3     710.0       34.6862        1.4829      219.2096      220.6925     186.006314       0.72608
   2     802.0       35.0105        1.6186      210.0917      211.7103     176.699707       0.85369
   1     902.0       35.8334        1.7465      199.1970      200.9435     165.110093       0.97806
   0    1013.0       37.8391        1.8684      187.3271      189.1955     151.356436       1.04567



 Wavenumbers: 12850. - 16000. cm-1, ATM      1
 LEVEL PRESSURE   UPWARD FLUX   DIFDOWN FLUX  DIRDOWN FLUX  DOWNWARD FLUX   NET FLUX    HEATING RATE
          mb          W/m2          W/m2          W/m2        W/m2          W/m2       degree/day
  47   .000061       28.4972        0.0000      152.7796      152.7796     124.282368       0.00000
  46   .000117       28.4972        0.0000      152.7796      152.7796     124.282365       0.39558
  45   .000258       28.4972        0.0000      152.7796      152.7796     124.282358       0.45385
  44   .000625       28.4972        0.0000      152.7796      152.7796     124.282335       0.52479
  43   .001640       28.4972        0.0000      152.7795      152.7795     124.282266       0.56924
  42   .004480       28.4972        0.0000      152.7793      152.7793     124.282069       0.58510
  41    .01200       28.4972        0.0001      152.7787      152.7787     124.281551       0.58177
  40    .03000       28.4971        0.0001      152.7773      152.7775     124.280337       0.56933
  39    .06700       28.4970        0.0003      152.7745      152.7748     124.277799       0.57885
  38    0.1390       28.4969        0.0007      152.7690      152.7697     124.272853       0.57975
  37    0.2720       28.4966        0.0014      152.7589      152.7603     124.263689       0.58147
  36    0.5150       28.4963        0.0026      152.7412      152.7437     124.247424       0.56487
  35    0.9510       28.4963        0.0048      152.7108      152.7156     124.219286       0.54462
  34     1.290       28.4967        0.0064      152.6882      152.6946     124.197992       0.53010
  33     1.760       28.4977        0.0088      152.6576      152.6664     124.168670       0.52649
  32     2.410       28.5004        0.0120      152.6145      152.6265     124.126187       0.55157
  31     3.330       28.5060        0.0166      152.5510      152.5676     124.061550       0.59291
  30     4.640       28.5167        0.0231      152.4562      152.4793     123.962524       0.63794
  29     6.520       28.5339        0.0324      152.3192      152.3515     123.817667       0.65025
  28     9.300       28.5575        0.0458      152.1309      152.1768     123.619240       0.60236
  27     13.20       28.5867        0.0654      151.8835      151.9489     123.362223       0.55616
  26     19.07       28.6211        0.0940      151.5608      151.6548     123.033669       0.47235
  25     27.70       28.6586        0.1360      151.1461      151.2821     122.623505       0.40109
  24     32.20       28.6721        0.1579      150.9569      151.1148     122.442696       0.33908
  23     37.60       28.6828        0.1835      150.7587      150.9423     122.259442       0.28639
  22     43.70       28.6906        0.2135      150.5484      150.7619     122.071313       0.26027
  21     51.00       28.6946        0.2485      150.3261      150.5746     121.879988       0.22118
  20     59.50       28.6939        0.2896      150.0908      150.3804     121.686450       0.19215
  19     69.50       28.6866        0.3377      149.8459      150.1836     121.496983       0.15989
  18     81.20       28.6695        0.3942      149.5988      149.9930     121.323467       0.12516
  17     95.00       28.6418        0.4605      149.3470      149.8075     121.165669       0.09650
  16     111.0       28.6091        0.5384      149.0748      149.6133     121.004180       0.08518
  15     130.0       28.5675        0.6294      148.7755      149.4049     120.837460       0.07405
  14     153.0       28.5156        0.7359      148.4410      149.1769     120.661325       0.06463
  13     179.0       28.4500        0.8604      148.0687      148.9291     120.479105       0.05915
  12     209.0       28.3691        1.0031      147.6587      148.6618     120.292703       0.05244
  11     243.0       28.2745        1.1639      147.2007      148.3646     120.090107       0.05029
  10     281.0       28.1657        1.3441      146.6830      148.0271     119.861406       0.05079
   9     324.0       28.0427        1.5452      146.0919      147.6371     119.594402       0.05240
   8     372.0       27.9056        1.7688      145.4160      147.1848     119.279154       0.05543
   7     426.0       27.7549        2.0162      144.6403      146.6565     118.901593       0.05901
   6     487.0       27.5921        2.2891      143.7418      146.0309     118.438799       0.06403
   5     554.0       27.4203        2.5885      142.6892      145.2778     117.857523       0.07322
   4     628.0       27.2505        2.9142      141.4032      144.3174     117.066951       0.09016
   3     710.0       27.1003        3.2639      139.7905      143.0543     115.954045       0.11454
   2     802.0       27.0043        3.6328      137.7282      141.3610     114.356687       0.14653
   1     902.0       27.0272        4.0156      135.0958      139.1114     112.084138       0.19178
   0    1013.0       27.2657        4.4097      131.9187      136.3284     109.062742       0.22971



 Wavenumbers: 16000. - 22650. cm-1, ATM      1
 LEVEL PRESSURE   UPWARD FLUX   DIFDOWN FLUX  DIRDOWN FLUX  DOWNWARD FLUX   NET FLUX    HEATING RATE
          mb          W/m2          W/m2          W/m2        W/m2          W/m2       degree/day
  47   .000061       57.2701        0.0000      243.6189      243.6189     186.348834       0.00000
  46   .000117       57.2701        0.0000      243.6189      243.6189     186.348834       0.02473
  45   .000258       57.2701        0.0000      243.6189      243.6189     186.348833       0.06142
  44   .000625       57.2701        0.0000      243.6189      243.6189     186.348828       0.11210
  43   .001640       57.2700        0.0000      243.6188      243.6189     186.348811       0.14411
  42   .004480       57.2700        0.0001      243.6186      243.6188     186.348769       0.12564
  41    .01200       57.2699        0.0003      243.6183      243.6186     186.348712       0.06315
  40    .03000       57.2696        0.0008      243.6174      243.6183     186.348634       0.03699
  39    .06700       57.2691        0.0019      243.6156      243.6175     186.348383       0.05717
  38    0.1390       57.2681        0.0039      243.6116      243.6155     186.347395       0.11577
  37    0.2720       57.2667        0.0076      243.6033      243.6109     186.344167       0.20481
  36    0.5150       57.2647        0.0144      243.5859      243.6002     186.335491       0.30134
  35    0.9510       57.2630        0.0266      243.5487      243.5753     186.312287       0.44912
  34     1.290       57.2631        0.0360      243.5149      243.5509     186.287766       0.61044
  33     1.760       57.2655        0.0490      243.4614      243.5104     186.244927       0.76920
  32     2.410       57.2729        0.0671      243.3730      243.4401     186.167173       1.00950
  31     3.330       57.2910        0.0926      243.2238      243.3165     186.025489       1.29967
  30     4.640       57.3265        0.1289      242.9798      243.1086     185.782118       1.56782
  29     6.520       57.3843        0.1807      242.6086      242.7893     185.405050       1.69262
  28     9.300       57.4636        0.2558      242.0868      242.3426     184.878952       1.59706
  27     13.20       57.5594        0.3648      241.3954      241.7602     184.200837       1.46736
  26     19.07       57.6680        0.5240      240.4916      241.0156     183.347528       1.22678
  25     27.70       57.7784        0.7576      239.3291      240.0867     182.308387       1.01616
  24     32.20       57.8132        0.8792      238.7982      239.6775     181.864302       0.83282
  23     37.60       57.8345        1.0214      238.2403      239.2617     181.427168       0.68315
  22     43.70       57.8415        1.1874      237.6460      238.8334     180.991882       0.60220
  21     51.00       57.8303        1.3813      237.0132      238.3945     180.564208       0.49441
  20     59.50       57.7969        1.6082      236.3368      237.9450     180.148112       0.41312
  19     69.50       57.7332        1.8738      235.6216      237.4954     179.762222       0.32566
  18     81.20       57.6264        2.1850      234.8830      237.0680     179.441584       0.23127
  17     95.00       57.4720        2.5495      234.1072      236.6568     179.184809       0.15703
  16     111.0       57.2748        2.9747      233.2522      236.2270     178.952221       0.12268
  15     130.0       57.0338        3.4691      232.2873      235.7564     178.722642       0.10197
  14     153.0       56.7415        4.0454      231.1883      235.2337     178.492243       0.08454
  13     179.0       56.3838        4.7161      229.9505      234.6666     178.282854       0.06796
  12     209.0       55.9552        5.4813      228.5856      234.0669     178.111680       0.04815
  11     243.0       55.4595        6.3379      227.0836      233.4215     177.961988       0.03716
  10     281.0       54.8913        7.2918      225.4313      232.7231     177.831798       0.02891
   9     324.0       54.2456        8.3490      223.6113      231.9602     177.714604       0.02300
   8     372.0       53.5175        9.5148      221.6041      231.1189     177.601446       0.01989
   7     426.0       52.6999       10.7943      219.3956      230.1899     177.489953       0.01742
   6     487.0       51.7846       12.1933      216.9674      229.1607     177.376051       0.01576
   5     554.0       50.7632       13.7162      214.3010      228.0172     177.254015       0.01537
   4     628.0       49.6297       15.3644      211.3731      226.7374     177.107749       0.01668
   3     710.0       48.3790       17.1368      208.1563      225.2931     176.914100       0.01993
   2     802.0       47.0082       19.0314      204.6083      223.6397     176.631498       0.02592
   1     902.0       45.5168       21.0448      200.6697      221.7145     176.197709       0.03661
   0    1013.0       43.8980       23.1732      196.3167      219.4900     175.591962       0.04605



 Wavenumbers: 22650. - 29000. cm-1, ATM      1
 LEVEL PRESSURE   UPWARD FLUX   DIFDOWN FLUX  DIRDOWN FLUX  DOWNWARD FLUX   NET FLUX    HEATING RATE
          mb          W/m2          W/m2          W/m2        W/m2          W/m2       degree/day
  47   .000061       31.2824        0.0000       91.8802       91.8802      60.597813       0.00000
  46   .000117       31.2824        0.0000       91.8802       91.8802      60.597813      -0.00000
  45   .000258       31.2824        0.0000       91.8802       91.8802      60.597813       0.00000
  44   .000625       31.2824        0.0000       91.8802       91.8802      60.597813      -0.00000
  43   .001640       31.2824        0.0001       91.8802       91.8802      60.597813      -0.00000
  42   .004480       31.2824        0.0002       91.8800       91.8802      60.597813       0.00000
  41    .01200       31.2822        0.0004       91.8796       91.8800      60.597813       0.00000
  40    .03000       31.2820        0.0010       91.8787       91.8798      60.597813      -0.00000
  39    .06700       31.2814        0.0023       91.8769       91.8792      60.597813       0.00000
  38    0.1390       31.2802        0.0048       91.8733       91.8780      60.597813      -0.00000
  37    0.2720       31.2781        0.0094       91.8666       91.8759      60.597813       0.00000
  36    0.5150       31.2743        0.0177       91.8544       91.8721      60.597813      -0.00000
  35    0.9510       31.2674        0.0327       91.8325       91.8652      60.597813       0.00000
  34     1.290       31.2621        0.0444       91.8155       91.8599      60.597813      -0.00000
  33     1.760       31.2547        0.0604       91.7921       91.8525      60.597813       0.00000
  32     2.410       31.2445        0.0828       91.7595       91.8423      60.597813      -0.00000
  31     3.330       31.2300        0.1143       91.7136       91.8278      60.597813      -0.00000
  30     4.640       31.2095        0.1590       91.6483       91.8073      60.597813      -0.00000
  29     6.520       31.1800        0.2230       91.5548       91.7778      60.597813       0.00000
  28     9.300       31.1371        0.3159       91.4191       91.7350      60.597813       0.00000
  27     13.20       31.0747        0.4507       91.2218       91.6725      60.597813       0.00000
  26     19.07       30.9832        0.6475       90.9335       91.5810      60.597813       0.00000
  25     27.70       30.8481        0.9361       90.5099       91.4459      60.597813      -0.00000
  24     32.20       30.7775        1.0859       90.2895       91.3754      60.597813       0.00000
  23     37.60       30.6949        1.2606       90.0321       91.2927      60.597813      -0.00000
  22     43.70       30.5980        1.4641       89.7317       91.1958      60.597813       0.00000
  21     51.00       30.4846        1.7010       89.3813       91.0824      60.597813      -0.00000
  20     59.50       30.3514        1.9770       88.9722       90.9492      60.597813       0.00000
  19     69.50       30.1950        2.2984       88.4944       90.7928      60.597813      -0.00000
  18     81.20       30.0111        2.6722       87.9367       90.6089      60.597813       0.00000
  17     95.00       29.7949        3.1064       87.2863       90.3927      60.597813       0.00000
  16     111.0       29.5413        3.6085       86.5306       90.1391      60.597813       0.00000
  15     130.0       29.2444        4.1866       85.6556       89.8422      60.597813      -0.00000
  14     153.0       28.8953        4.8527       84.6405       89.4931      60.597813       0.00000
  13     179.0       28.4854        5.6168       83.4664       89.0832      60.597813       0.00000
  12     209.0       28.0129        6.4737       82.1370       88.6108      60.597813       0.00000
  11     243.0       27.4775        7.4148       80.6606       88.0753      60.597813       0.00000
  10     281.0       26.8731        8.4397       79.0311       87.4709      60.597813       0.00000
   9     324.0       26.1927        9.5473       77.2432       86.7905      60.597813       0.00000
   8     372.0       25.4289       10.7343       75.2924       86.0267      60.597813       0.00000
   7     426.0       24.5738       11.9951       73.1765       85.1716      60.597813       0.00000
   6     487.0       23.6178       13.3230       70.8926       84.2156      60.597813      -0.00000
   5     554.0       22.5507       14.7078       68.4407       83.1485      60.597813       0.00000
   4     628.0       21.3626       16.1348       65.8255       81.9604      60.597813      -0.00000
   3     710.0       20.0429       17.5848       63.0559       80.6407      60.597813       0.00000
   2     802.0       18.5789       19.0393       60.1374       79.1767      60.597813       0.00000
   1     902.0       16.9537       20.4735       57.0780       77.5515      60.597813      -0.00000
   0    1013.0       15.1495       21.8590       53.8882       75.7473      60.597813       0.00000



 Wavenumbers: 29000. - 38000. cm-1, ATM      1
 LEVEL PRESSURE   UPWARD FLUX   DIFDOWN FLUX  DIRDOWN FLUX  DOWNWARD FLUX   NET FLUX    HEATING RATE
          mb          W/m2          W/m2          W/m2        W/m2          W/m2       degree/day
  47   .000061        6.5939        0.0000       32.3787       32.3787      25.784711       0.00000
  46   .000117        6.5939        0.0000       32.3786       32.3787      25.784706       0.86752
  45   .000258        6.5939        0.0000       32.3786       32.3786      25.784670       2.14083
  44   .000625        6.5939        0.0000       32.3784       32.3784      25.784501       3.88764
  43   .001640        6.5939        0.0000       32.3778       32.3778      25.783902       4.98126
  42   .004480        6.5939        0.0001       32.3762       32.3763      25.782442       4.33761
  41    .01200        6.5937        0.0003       32.3739       32.3742      25.780498       2.18176
  40    .03000        6.5934        0.0008       32.3703       32.3712      25.777763       1.28237
  39    .06700        6.5927        0.0019       32.3599       32.3617      25.769032       1.99124
  38    0.1390        6.5915        0.0038       32.3222       32.3260      25.734553       4.04134
  37    0.2720        6.5895        0.0075       32.2049       32.2124      25.622879       7.08595
  36    0.5150        6.5865        0.0139       31.9065       31.9205      25.333981      10.03316
  35    0.9510        6.5826        0.0249       31.1977       31.2226      24.639943      13.43368
  34     1.290        6.5810        0.0326       30.5625       30.5951      24.014145      15.57877
  33     1.760        6.5803        0.0424       29.6653       29.7077      23.127328      15.92335
  32     2.410        6.5824        0.0548       28.4926       28.5474      21.964976      15.09117
  31     3.330        6.5905        0.0711       27.1330       27.2041      20.613582      12.39632
  30     4.640        6.6086        0.0927       25.7107       25.8035      19.194858       9.13955
  29     6.520        6.6397        0.1222       24.3115       24.4338      17.794047       6.28811
  28     9.300        6.6843        0.1635       23.0051       23.1686      16.484255       3.97609
  27     13.20        6.7417        0.2215       21.8045       22.0260      15.284346       2.59646
  26     19.07        6.8141        0.3034       20.6640       20.9674      14.153294       1.62608
  25     27.70        6.9032        0.4197       19.5626       19.9822      13.079023       1.05051
  24     32.20        6.9403        0.4792       19.1427       19.6219      12.681606       0.74530
  23     37.60        6.9738        0.5484       18.7418       19.2902      12.316375       0.57079
  22     43.70        7.0042        0.6287       18.3486       18.9773      11.973055       0.47497
  21     51.00        7.0298        0.7216       17.9606       18.6822      11.652360       0.37074
  20     59.50        7.0488        0.8294       17.5732       18.4026      11.353789       0.29643
  19     69.50        7.0564        0.9544       17.1884       18.1429      11.086430       0.22563
  18     81.20        7.0441        1.1009       16.8144       17.9153      10.871203       0.15524
  17     95.00        7.0094        1.2719       16.4408       17.7126      10.703230       0.10272
  16     111.0        6.9577        1.4692       16.0441       17.5133      10.555576       0.07788
  15     130.0        6.8901        1.6843       15.6112       17.2955      10.405426       0.06669
  14     153.0        6.8059        1.9344       15.1345       17.0689      10.262983       0.05226
  13     179.0        6.6975        2.2169       14.6170       16.8340      10.136457       0.04107
  12     209.0        6.5609        2.5269       14.0677       16.5946      10.033672       0.02891
  11     243.0        6.3993        2.8581       13.4857       16.3438       9.944556       0.02212
  10     281.0        6.2107        3.2084       12.8708       16.0792       9.868473       0.01690
   9     324.0        5.9939        3.5730       12.2227       15.7957       9.801841       0.01308
   8     372.0        5.7477        3.9459       11.5418       15.4877       9.739995       0.01087
   7     426.0        5.4696        4.3213       10.8312       15.1525       9.682964       0.00891
   6     487.0        5.1563        4.6911       10.0957       14.7868       9.630429       0.00727
   5     554.0        4.8047        5.0470        9.3398       14.3868       9.582110       0.00609
   4     628.0        4.4119        5.3785        8.5702       13.9487       9.536812       0.00517
   3     710.0        3.9744        5.6736        7.7951       13.4687       9.494323       0.00437
   2     802.0        3.4879        5.9204        7.0224       12.9428       9.454892       0.00362
   1     902.0        2.9472        6.1076        6.2578       12.3655       9.418297       0.00309
   0    1013.0        2.3461        6.2190        5.5114       11.7304       9.384329       0.00258



 Wavenumbers: 38000. - 50000. cm-1, ATM      1
 LEVEL PRESSURE   UPWARD FLUX   DIFDOWN FLUX  DIRDOWN FLUX  DOWNWARD FLUX   NET FLUX    HEATING RATE
          mb          W/m2          W/m2          W/m2        W/m2          W/m2       degree/day
  47   .000061        0.0073        0.0000        1.9790        1.9790       1.971707       0.00000
  46   .000117        0.0073        0.0000        1.9790        1.9790       1.971703       0.62760
  45   .000258        0.0073        0.0000        1.9790        1.9790       1.971681       1.31643
  44   .000625        0.0073        0.0000        1.9789        1.9789       1.971581       2.28851
  43   .001640        0.0073        0.0000        1.9786        1.9786       1.971232       2.90163
  42   .004480        0.0073        0.0000        1.9777        1.9777       1.970370       2.56123
  41    .01200        0.0073        0.0001        1.9763        1.9764       1.969119       1.40367
  40    .03000        0.0072        0.0002        1.9741        1.9743       1.967142       0.92712
  39    .06700        0.0070        0.0004        1.9680        1.9684       1.961456       1.29696
  38    0.1390        0.0066        0.0008        1.9471        1.9479       1.941315       2.36067
  37    0.2720        0.0060        0.0016        1.8842        1.8858       1.879722       3.90822
  36    0.5150        0.0051        0.0027        1.7308        1.7335       1.728333       5.25758
  35    0.9510        0.0039        0.0038        1.3983        1.4021       1.398206       6.38990
  34     1.290        0.0031        0.0040        1.1361        1.1401       1.136985       6.50289
  33     1.760        0.0024        0.0038        0.8236        0.8274       0.824997       5.60193
  32     2.410        0.0017        0.0031        0.5176        0.5207       0.519006       3.97278
  31     3.330        0.0012        0.0024        0.2933        0.2957       0.294469       2.05967
  30     4.640        0.0008        0.0018        0.1599        0.1617       0.160816       0.86101
  29     6.520        0.0006        0.0013        0.0850        0.0863       0.085752       0.33695
  28     9.300        0.0004        0.0009        0.0450        0.0459       0.045575       0.12196
  27     13.20        0.0002        0.0006        0.0224        0.0231       0.022846       0.04918
  26     19.07        0.0001        0.0004        0.0096        0.0100       0.009849       0.01869
  25     27.70        0.0000        0.0002        0.0033        0.0035       0.003446       0.00626
  24     32.20        0.0000        0.0001        0.0021        0.0022       0.002137       0.00245
  23     37.60        0.0000        0.0001        0.0012        0.0013       0.001288       0.00133
  22     43.70        0.0000        0.0000        0.0007        0.0008       0.000746       0.00075
  21     51.00        0.0000        0.0000        0.0004        0.0004       0.000413       0.00039
  20     59.50        0.0000        0.0000        0.0002        0.0002       0.000216       0.00020
  19     69.50        0.0000        0.0000        0.0001        0.0001       0.000106       0.00009
  18     81.20        0.0000        0.0000        0.0000        0.0001       0.000049       0.00004
  17     95.00        0.0000        0.0000        0.0000        0.0000       0.000021       0.00002
  16     111.0        0.0000        0.0000        0.0000        0.0000       0.000008       0.00001
  15     130.0        0.0000        0.0000        0.0000        0.0000       0.000003       0.00000
  14     153.0        0.0000        0.0000        0.0000        0.0000       0.000001       0.00000
  13     179.0        0.0000        0.0000        0.0000        0.0000       0.000000       0.00000
  12     209.0        0.0000        0.0000        0.0000        0.0000       0.000000       0.00000
  11     243.0        0.0000        0.0000        0.0000        0.0000       0.000000       0.00000
  10     281.0        0.0000        0.0000        0.0000        0.0000       0.000000       0.00000
   9     324.0        0.0000        0.0000        0.0000        0.0000       0.000000       0.00000
   8     372.0        0.0000        0.0000        0.0000        0.0000       0.000000       0.00000
   7     426.0        0.0000        0.0000        0.0000        0.0000       0.000000       0.00000
   6     487.0        0.0000        0.0000        0.0000        0.0000       0.000000       0.00000
   5     554.0        0.0000        0.0000        0.0000        0.0000       0.000000       0.00000
   4     628.0        0.0000        0.0000        0.0000        0.0000       0.000000       0.00000
   3     710.0        0.0000        0.0000        0.0000        0.0000       0.000000       0.00000
   2     802.0        0.0000        0.0000        0.0000        0.0000       0.000000       0.00000
   1     902.0        0.0000        0.0000        0.0000        0.0000       0.000000       0.00000
   0    1013.0        0.0000        0.0000        0.0000        0.0000       0.000000       0.00000



 Wavenumbers:   820. -  2600. cm-1, ATM      1
 LEVEL PRESSURE   UPWARD FLUX   DIFDOWN FLUX  DIRDOWN FLUX  DOWNWARD FLUX   NET FLUX    HEATING RATE
          mb          W/m2          W/m2          W/m2        W/m2          W/m2       degree/day
  47   .000061        0.3820        0.0000        9.3505        9.3505       8.968536       0.00000
  46   .000117        0.3820        0.0000        9.3504        9.3504       8.968463      11.10278
  45   .000258        0.3820        0.0000        9.3502        9.3502       8.968193      16.14381
  44   .000625        0.3820        0.0000        9.3496        9.3496       8.967654      12.39795
  43   .001640        0.3820        0.0000        9.3490        9.3490       8.967006       5.38672
  42   .004480        0.3820        0.0000        9.3477        9.3477       8.965764       3.69070
  41    .01200        0.3820        0.0000        9.3460        9.3460       8.964005       1.97469
  40    .03000        0.3820        0.0000        9.3448        9.3448       8.962790       0.56935
  39    .06700        0.3820        0.0000        9.3431        9.3431       8.961119       0.38124
  38    0.1390        0.3820        0.0000        9.3392        9.3392       8.957188       0.46077
  37    0.2720        0.3820        0.0000        9.3321        9.3321       8.950074       0.45139
  36    0.5150        0.3820        0.0000        9.3218        9.3218       8.939779       0.35752
  35    0.9510        0.3820        0.0000        9.3053        9.3053       8.923271       0.31953
  34     1.290        0.3820        0.0000        9.2926        9.2926       8.910570       0.31618
  33     1.760        0.3820        0.0000        9.2756        9.2756       8.893568       0.30527
  32     2.410        0.3820        0.0000        9.2527        9.2527       8.870735       0.29645
  31     3.330        0.3820        0.0000        9.2217        9.2217       8.839741       0.28431
  30     4.640        0.3820        0.0000        9.1799        9.1799       8.797959       0.26916
  29     6.520        0.3820        0.0000        9.1243        9.1243       8.742305       0.24983
  28     9.300        0.3820        0.0000        9.0500        9.0500       8.668032       0.22547
  27     13.20        0.3820        0.0000        8.9528        8.9528       8.570798       0.21040
  26     19.07        0.3820        0.0000        8.8392        8.8392       8.457175       0.16335
  25     27.70        0.3820        0.0000        8.7345        8.7345       8.352439       0.10242
  24     32.20        0.3820        0.0000        8.7004        8.7004       8.318358       0.06391
  23     37.60        0.3820        0.0000        8.6702        8.6702       8.288159       0.04720
  22     43.70        0.3820        0.0000        8.6417        8.6417       8.259629       0.03947
  21     51.00        0.3821        0.0000        8.6120        8.6120       8.229960       0.03430
  20     59.50        0.3821        0.0000        8.5787        8.5787       8.196654       0.03307
  19     69.50        0.3821        0.0000        8.5403        8.5403       8.158212       0.03244
  18     81.20        0.3821        0.0000        8.4962        8.4962       8.114075       0.03184
  17     95.00        0.3821        0.0000        8.4451        8.4451       8.063021       0.03122
  16     111.0        0.3821        0.0000        8.3857        8.3857       8.003538       0.03137
  15     130.0        0.3822        0.0000        8.3167        8.3167       7.934536       0.03065
  14     153.0        0.3822        0.0000        8.2322        8.2322       7.849993       0.03102
  13     179.0        0.3822        0.0000        8.1232        8.1232       7.740948       0.03539
  12     209.0        0.3823        0.0000        7.9504        7.9504       7.568086       0.04863
  11     243.0        0.3825        0.0000        7.6375        7.6375       7.254986       0.07771
  10     281.0        0.3828        0.0000        7.2026        7.2026       6.819806       0.09665
   9     324.0        0.3834        0.0000        6.7815        6.7815       6.398112       0.08276
   8     372.0        0.3843        0.0000        6.3236        6.3236       5.939347       0.08066
   7     426.0        0.3856        0.0000        5.7750        5.7750       5.389418       0.08594
   6     487.0        0.3874        0.0000        5.2695        5.2695       4.882137       0.07018
   5     554.0        0.3901        0.0000        4.9269        4.9269       4.536826       0.04349
   4     628.0        0.3949        0.0000        4.6482        4.6482       4.253267       0.03234
   3     710.0        0.4048        0.0000        4.2955        4.2955       3.890738       0.03731
   2     802.0        0.4255        0.0000        3.8611        3.8611       3.435633       0.04175
   1     902.0        0.4707        0.0000        3.3900        3.3901       2.919425       0.04356
   0    1013.0        0.5738        0.0000        2.8689        2.8689       2.295158       0.04746

  Modules and versions used in this calculation:

       rrtmg_sw.1col.f90:  $Revision: 33222 $            rrtmg_sw_init.f90:  $Revision: 33222 $
     rrtmgsw_cldprop.f90:  $Revision: 33222 $          rrtmgsw_cldprmc.f90:  NOT USED          
     rrtmg_sw_reftra.f90:  $Revision: 33222 $          rrtmg_sw_spcvrt.f90:  NOT USED          
     rrtmg_sw_spcvmc.f90:  NOT USED                    rrtmgsw_setcoef.f90:  NOT USED          
     rrtmg_sw_taumol.f90:  $Revision: 33222 $          rrtmg_sw_vrtqdr.f90:  NOT USED          
                rrtatm.f:  NOT USED                             util_xxx.f:  NOT USED          
                 extra.f:  NOT USED                       rrtmg_sw_k_g.f90:  $Revision: 33222 $

