

 Wavenumbers:   820. - 50000. cm-1, ATM      1
 LEVEL PRESSURE   UPWARD FLUX   DIFDOWN FLUX  DIRDOWN FLUX  DOWNWARD FLUX   NET FLUX    HEATING RATE
          mb          W/m2          W/m2          W/m2        W/m2          W/m2       degree/day
  47   .000061      175.3174        0.0000      962.5293      962.5293     787.211848       0.00000
  46   .000117      175.3174        0.0000      962.5292      962.5292     787.211753      14.39958
  45   .000258      175.3174        0.0000      962.5288      962.5288     787.211377      22.49927
  44   .000625      175.3174        0.0001      962.5277      962.5278     787.210386      22.77375
  43   .001640      175.3174        0.0002      962.5254      962.5256     787.208193      18.23190
  42   .004480      175.3172        0.0005      962.5197      962.5202     787.202978      15.49677
  41    .01200      175.3168        0.0012      962.5099      962.5111     787.194343       9.69118
  40    .03000      175.3157        0.0031      962.4947      962.4978     787.182117       5.73189
  39    .06700      175.3135        0.0069      962.4631      962.4701     787.156586       5.82319
  38    0.1390      175.3095        0.0144      962.3770      962.3914     787.081937       8.74972
  37    0.2720      175.3029        0.0281      962.1478      962.1759     786.872965      13.25972
  36    0.5150      175.2926        0.0526      961.6131      961.6657     786.373174      17.35725
  35    0.9510      175.2780        0.0952      960.4254      960.5206     785.242553      21.88410
  34     1.290      175.2702        0.1268      959.4126      959.5394     784.269187      24.23120
  33     1.760      175.2642        0.1689      958.0416      958.2105     782.946311      23.75308
  32     2.410      175.2643        0.2261      956.3306      956.5567     781.292393      21.47332
  31     3.330      175.2797        0.3055      954.4026      954.7082     779.428500      17.09746
  30     4.640      175.3210        0.4173      952.3344      952.7517     777.430737      12.86978
  29     6.520      175.3942        0.5762      950.1176      950.6938     775.299644       9.56628
  28     9.300      175.4944        0.8054      947.7353      948.5407     773.046273       6.84048
  27     13.20      175.6078        1.1367      945.1150      946.2517     770.643952       5.19834
  26     19.07      175.7223        1.6176      942.0962      943.7138     767.991490       3.81338
  25     27.70      175.8103        2.3196      938.5370      940.8566     765.046349       2.88001
  24     32.20      175.8179        2.6838      936.9643      939.6481     763.830204       2.28072
  23     37.60      175.7924        3.1088      935.3169      938.4256     762.633194       1.87069
  22     43.70      175.7309        3.6040      933.5612      937.1652     761.434306       1.65862
  21     51.00      175.6243        4.1810      931.6815      935.8625     760.238197       1.38276
  20     59.50      175.4626        4.8541      929.6522      934.5063     759.043721       1.18593
  19     69.50      175.2269        5.6392      927.4667      933.1059     757.879020       0.98291
  18     81.20      174.8883        6.5566      925.1344      931.6910     756.802776       0.77629
  17     95.00      174.4333        7.6273      922.6032      930.2305     755.797152       0.61497
  16     111.0      173.8727        8.8702      919.7529      928.6232     754.750503       0.55205
  15     130.0      173.1958       10.2961      916.5246      926.8206     753.624790       0.50000
  14     153.0      172.3838       11.9506      912.8183      924.7688     752.385013       0.45490
  13     179.0      171.4017       13.8574      908.5391      922.3965     750.994784       0.45124
  12     209.0      170.2372       16.0067      903.3556      919.3622     749.125053       0.52596
  11     243.0      168.8991       18.3800      896.5194      914.8995     746.000370       0.77558
  10     281.0      167.3752       20.9824      887.0383      908.0207     740.645468       1.18923
   9     324.0      165.6545       23.8154      875.2564      899.0719     733.417385       1.41858
   8     372.0      163.7258       26.8778      862.1076      888.9854     725.259598       1.43427
   7     426.0      161.5775       30.1639      846.9071      877.0710     715.493494       1.52625
   6     487.0      159.1994       33.6657      829.4385      863.1042     703.904750       1.60326
   5     554.0      156.5896       37.3697      809.9775      847.3472     690.757586       1.65598
   4     628.0      153.7866       41.2477      787.5622      828.8099     675.023312       1.79438
   3     710.0      150.8839       45.2612      761.9646      807.2258     656.341867       1.92263
   2     802.0      148.0979       49.3687      733.5457      782.9145     634.816604       1.97451
   1     902.0      145.9182       53.5213      702.6761      756.1974     610.279226       2.07075
   0    1013.0      145.6165       57.6697      670.4129      728.0826     582.466113       2.11458



 Wavenumbers:  2600. -  3250. cm-1, ATM      1
 LEVEL PRESSURE   UPWARD FLUX   DIFDOWN FLUX  DIRDOWN FLUX  DOWNWARD FLUX   NET FLUX    HEATING RATE
          mb          W/m2          W/m2          W/m2        W/m2          W/m2       degree/day
  47   .000061        0.5334        0.0000        8.4832        8.4832       7.949792       0.00000
  46   .000117        0.5334        0.0000        8.4832        8.4832       7.949792       0.00457
  45   .000258        0.5334        0.0000        8.4832        8.4832       7.949792       0.00494
  44   .000625        0.5334        0.0000        8.4832        8.4832       7.949792       0.00533
  43   .001640        0.5334        0.0000        8.4832        8.4832       7.949791       0.00568
  42   .004480        0.5334        0.0000        8.4832        8.4832       7.949789       0.00605
  41    .01200        0.5334        0.0000        8.4832        8.4832       7.949784       0.00615
  40    .03000        0.5334        0.0000        8.4831        8.4831       7.949771       0.00604
  39    .06700        0.5334        0.0000        8.4831        8.4831       7.949744       0.00615
  38    0.1390        0.5334        0.0000        8.4831        8.4831       7.949692       0.00611
  37    0.2720        0.5334        0.0000        8.4830        8.4830       7.949596       0.00610
  36    0.5150        0.5334        0.0000        8.4828        8.4828       7.949417       0.00620
  35    0.9510        0.5334        0.0000        8.4824        8.4824       7.949049       0.00713
  34     1.290        0.5334        0.0000        8.4821        8.4821       7.948702       0.00864
  33     1.760        0.5334        0.0000        8.4815        8.4815       7.948127       0.01033
  32     2.410        0.5334        0.0000        8.4806        8.4806       7.947183       0.01225
  31     3.330        0.5334        0.0000        8.4790        8.4790       7.945670       0.01388
  30     4.640        0.5334        0.0000        8.4767        8.4767       7.943299       0.01528
  29     6.520        0.5334        0.0000        8.4731        8.4731       7.939685       0.01622
  28     9.300        0.5334        0.0000        8.4677        8.4677       7.934367       0.01614
  27     13.20        0.5334        0.0000        8.4603        8.4603       7.926923       0.01611
  26     19.07        0.5334        0.0000        8.4506        8.4506       7.917226       0.01394
  25     27.70        0.5334        0.0000        8.4387        8.4387       7.905371       0.01159
  24     32.20        0.5334        0.0000        8.4331        8.4331       7.899746       0.01055
  23     37.60        0.5334        0.0000        8.4265        8.4265       7.893137       0.01033
  22     43.70        0.5334        0.0000        8.4186        8.4186       7.885209       0.01097
  21     51.00        0.5334        0.0000        8.4088        8.4088       7.875433       0.01130
  20     59.50        0.5334        0.0000        8.3965        8.3965       7.863121       0.01222
  19     69.50        0.5334        0.0000        8.3809        8.3809       7.847531       0.01316
  18     81.20        0.5334        0.0000        8.3613        8.3613       7.827898       0.01416
  17     95.00        0.5334        0.0000        8.3369        8.3369       7.803531       0.01490
  16     111.0        0.5334        0.0000        8.3064        8.3065       7.773046       0.01608
  15     130.0        0.5335        0.0001        8.2701        8.2702       7.736730       0.01613
  14     153.0        0.5335        0.0001        8.2275        8.2276       7.694057       0.01566
  13     179.0        0.5336        0.0001        8.1785        8.1785       7.644955       0.01594
  12     209.0        0.5337        0.0001        8.1219        8.1220       7.588278       0.01594
  11     243.0        0.5339        0.0001        8.0498        8.0499       7.515936       0.01796
  10     281.0        0.5344        0.0001        7.9524        7.9525       7.418088       0.02173
   9     324.0        0.5352        0.0001        7.8300        7.8302       7.294964       0.02416
   8     372.0        0.5364        0.0001        7.6836        7.6837       7.147266       0.02597
   7     426.0        0.5384        0.0001        7.4921        7.4922       6.953843       0.03023
   6     487.0        0.5414        0.0002        7.2257        7.2259       6.684513       0.03726
   5     554.0        0.5461        0.0002        6.8702        6.8704       6.324279       0.04537
   4     628.0        0.5542        0.0002        6.3986        6.3988       5.844568       0.05471
   3     710.0        0.5685        0.0002        5.8517        5.8519       5.283379       0.05776
   2     802.0        0.5950        0.0002        5.2407        5.2409       4.645913       0.05847
   1     902.0        0.6481        0.0002        4.5560        4.5562       3.908049       0.06227
   0    1013.0        0.7697        0.0002        3.8485        3.8487       3.078973       0.06303



 Wavenumbers:  3250. -  4000. cm-1, ATM      1
 LEVEL PRESSURE   UPWARD FLUX   DIFDOWN FLUX  DIRDOWN FLUX  DOWNWARD FLUX   NET FLUX    HEATING RATE
          mb          W/m2          W/m2          W/m2        W/m2          W/m2       degree/day
  47   .000061        0.0007        0.0000       14.3014       14.3014      14.300697       0.00000
  46   .000117        0.0007        0.0000       14.3014       14.3014      14.300688       1.29566
  45   .000258        0.0007        0.0000       14.3013       14.3013      14.300651       2.24447
  44   .000625        0.0007        0.0000       14.3012       14.3012      14.300504       3.36293
  43   .001640        0.0007        0.0000       14.3007       14.3007      14.300022       4.00850
  42   .004480        0.0007        0.0000       14.2994       14.2994      14.298695       3.94322
  41    .01200        0.0007        0.0000       14.2965       14.2965      14.295810       3.23737
  40    .03000        0.0007        0.0000       14.2920       14.2920      14.291343       2.09461
  39    .06700        0.0007        0.0000       14.2866       14.2866      14.285893       1.24295
  38    0.1390        0.0007        0.0000       14.2790       14.2790      14.278281       0.89224
  37    0.2720        0.0007        0.0000       14.2680       14.2680      14.267279       0.69812
  36    0.5150        0.0007        0.0000       14.2538       14.2538      14.253089       0.49280
  35    0.9510        0.0007        0.0000       14.2341       14.2341      14.233391       0.38127
  34     1.290        0.0007        0.0000       14.2208       14.2208      14.220163       0.32930
  33     1.760        0.0007        0.0000       14.2051       14.2051      14.204453       0.28209
  32     2.410        0.0007        0.0000       14.1869       14.1869      14.186201       0.23697
  31     3.330        0.0007        0.0000       14.1655       14.1655      14.164803       0.19628
  30     4.640        0.0007        0.0000       14.1393       14.1393      14.138660       0.16842
  29     6.520        0.0007        0.0000       14.1048       14.1048      14.104170       0.15482
  28     9.300        0.0007        0.0000       14.0550       14.0550      14.054381       0.15114
  27     13.20        0.0007        0.0000       13.9792       13.9793      13.978607       0.16397
  26     19.07        0.0006        0.0000       13.8627       13.8627      13.862055       0.16756
  25     27.70        0.0006        0.0000       13.6865       13.6866      13.685931       0.17223
  24     32.20        0.0006        0.0000       13.5965       13.5965      13.595881       0.16888
  23     37.60        0.0006        0.0001       13.4955       13.4955      13.494897       0.15782
  22     43.70        0.0006        0.0001       13.3845       13.3846      13.383983       0.15345
  21     51.00        0.0006        0.0001       13.2655       13.2655      13.264921       0.13764
  20     59.50        0.0006        0.0001       13.1386       13.1387      13.138060       0.12595
  19     69.50        0.0006        0.0001       13.0030       13.0031      13.002517       0.11439
  18     81.20        0.0006        0.0001       12.8538       12.8539      12.853346       0.10760
  17     95.00        0.0006        0.0001       12.6851       12.6852      12.684678       0.10315
  16     111.0        0.0005        0.0001       12.4831       12.4833      12.482738       0.10651
  15     130.0        0.0005        0.0002       12.2537       12.2539      12.253370       0.10188
  14     153.0        0.0005        0.0002       11.9869       11.9871      11.986618       0.09788
  13     179.0        0.0005        0.0002       11.6640       11.6642      11.663744       0.10480
  12     209.0        0.0004        0.0002       11.1671       11.1673      11.166866       0.13977
  11     243.0        0.0004        0.0003       10.3833       10.3835      10.383123       0.19453
  10     281.0        0.0004        0.0003        9.2416        9.2418       9.241490       0.25354
   9     324.0        0.0003        0.0003        7.9756        7.9759       7.975536       0.24846
   8     372.0        0.0003        0.0002        6.7411        6.7413       6.741025       0.21705
   7     426.0        0.0003        0.0002        5.5515        5.5517       5.551451       0.18591
   6     487.0        0.0003        0.0002        4.5044        4.5046       4.504296       0.14487
   5     554.0        0.0003        0.0002        3.5611        3.5613       3.561024       0.11881
   4     628.0        0.0003        0.0001        2.6403        2.6404       2.640168       0.10502
   3     710.0        0.0004        0.0001        1.7385        1.7386       1.738288       0.09282
   2     802.0        0.0006        0.0001        0.9510        0.9511       0.950453       0.07227
   1     902.0        0.0021        0.0000        0.3879        0.3879       0.385823       0.04765
   0    1013.0        0.0173        0.0000        0.0866        0.0866       0.069316       0.02406



 Wavenumbers:  4000. -  4650. cm-1, ATM      1
 LEVEL PRESSURE   UPWARD FLUX   DIFDOWN FLUX  DIRDOWN FLUX  DOWNWARD FLUX   NET FLUX    HEATING RATE
          mb          W/m2          W/m2          W/m2        W/m2          W/m2       degree/day
  47   .000061        2.0237        0.0000       16.7941       16.7941      14.770394       0.00000
  46   .000117        2.0237        0.0000       16.7941       16.7941      14.770394       0.00058
  45   .000258        2.0237        0.0000       16.7941       16.7941      14.770394       0.00062
  44   .000625        2.0237        0.0000       16.7941       16.7941      14.770394       0.00067
  43   .001640        2.0237        0.0000       16.7941       16.7941      14.770394       0.00071
  42   .004480        2.0237        0.0000       16.7941       16.7941      14.770394       0.00075
  41    .01200        2.0237        0.0000       16.7941       16.7941      14.770393       0.00077
  40    .03000        2.0237        0.0000       16.7941       16.7941      14.770391       0.00075
  39    .06700        2.0237        0.0000       16.7941       16.7941      14.770388       0.00077
  38    0.1390        2.0237        0.0000       16.7941       16.7941      14.770382       0.00076
  37    0.2720        2.0237        0.0000       16.7941       16.7941      14.770370       0.00076
  36    0.5150        2.0237        0.0000       16.7941       16.7941      14.770347       0.00078
  35    0.9510        2.0237        0.0000       16.7940       16.7940      14.770301       0.00089
  34     1.290        2.0237        0.0000       16.7940       16.7940      14.770257       0.00109
  33     1.760        2.0237        0.0000       16.7939       16.7939      14.770184       0.00131
  32     2.410        2.0237        0.0000       16.7938       16.7938      14.770062       0.00158
  31     3.330        2.0237        0.0000       16.7936       16.7936      14.769861       0.00184
  30     4.640        2.0237        0.0000       16.7932       16.7933      14.769534       0.00211
  29     6.520        2.0237        0.0000       16.7927       16.7927      14.769002       0.00239
  28     9.300        2.0237        0.0000       16.7918       16.7918      14.768136       0.00263
  27     13.20        2.0237        0.0001       16.7904       16.7904      14.766720       0.00306
  26     19.07        2.0237        0.0001       16.7880       16.7881      14.764397       0.00334
  25     27.70        2.0237        0.0001       16.7841       16.7842      14.760581       0.00373
  24     32.20        2.0237        0.0001       16.7819       16.7820      14.758370       0.00415
  23     37.60        2.0236        0.0001       16.7790       16.7792      14.755505       0.00448
  22     43.70        2.0236        0.0002       16.7753       16.7755      14.751831       0.00508
  21     51.00        2.0236        0.0002       16.7706       16.7708      14.747174       0.00538
  20     59.50        2.0236        0.0002       16.7647       16.7650      14.741360       0.00577
  19     69.50        2.0236        0.0003       16.7576       16.7578      14.734221       0.00602
  18     81.20        2.0236        0.0003       16.7489       16.7492      14.725570       0.00624
  17     95.00        2.0236        0.0004       16.7385       16.7388      14.715195       0.00635
  16     111.0        2.0237        0.0004       16.7256       16.7261      14.702395       0.00675
  15     130.0        2.0237        0.0005       16.7104       16.7109      14.687188       0.00675
  14     153.0        2.0238        0.0006       16.6922       16.6928      14.668955       0.00669
  13     179.0        2.0240        0.0007       16.6701       16.6708      14.646817       0.00719
  12     209.0        2.0243        0.0008       16.6421       16.6430      14.618677       0.00792
  11     243.0        2.0248        0.0010       16.6014       16.6024      14.577529       0.01021
  10     281.0        2.0259        0.0011       16.5362       16.5373      14.511420       0.01468
   9     324.0        2.0277        0.0013       16.4419       16.4431      14.415453       0.01883
   8     372.0        2.0303        0.0014       16.3106       16.3120      14.281685       0.02352
   7     426.0        2.0341        0.0016       16.1170       16.1186      14.084504       0.03082
   6     487.0        2.0392        0.0018       15.8447       15.8465      13.807327       0.03835
   5     554.0        2.0467        0.0020       15.5041       15.5061      13.459488       0.04381
   4     628.0        2.0585        0.0022       15.0892       15.0914      13.032854       0.04865
   3     710.0        2.0793        0.0024       14.5514       14.5539      12.474575       0.05746
   2     802.0        2.1183        0.0026       13.7843       13.7869      11.668583       0.07393
   1     902.0        2.1961        0.0027       12.8215       12.8242      10.628071       0.08781
   0    1013.0        2.3681        0.0028       11.8378       11.8406       9.472506       0.08786



 Wavenumbers:  4650. -  5150. cm-1, ATM      1
 LEVEL PRESSURE   UPWARD FLUX   DIFDOWN FLUX  DIRDOWN FLUX  DOWNWARD FLUX   NET FLUX    HEATING RATE
          mb          W/m2          W/m2          W/m2        W/m2          W/m2       degree/day
  47   .000061        1.4731        0.0000       15.8964       15.8964      14.423344       0.00000
  46   .000117        1.4731        0.0000       15.8964       15.8964      14.423344       0.04730
  45   .000258        1.4731        0.0000       15.8964       15.8964      14.423343       0.08268
  44   .000625        1.4731        0.0000       15.8964       15.8964      14.423337       0.12507
  43   .001640        1.4731        0.0000       15.8964       15.8964      14.423319       0.15295
  42   .004480        1.4731        0.0000       15.8964       15.8964      14.423264       0.16337
  41    .01200        1.4731        0.0000       15.8962       15.8962      14.423116       0.16583
  40    .03000        1.4731        0.0000       15.8959       15.8959      14.422765       0.16460
  39    .06700        1.4731        0.0000       15.8951       15.8951      14.422032       0.16720
  38    0.1390        1.4731        0.0000       15.8937       15.8937      14.420630       0.16429
  37    0.2720        1.4731        0.0000       15.8912       15.8912      14.418095       0.16084
  36    0.5150        1.4731        0.0000       15.8868       15.8868      14.413688       0.15307
  35    0.9510        1.4731        0.0000       15.8794       15.8794      14.406290       0.14320
  34     1.290        1.4731        0.0000       15.8741       15.8741      14.401013       0.13136
  33     1.760        1.4731        0.0000       15.8674       15.8674      14.394334       0.11992
  32     2.410        1.4731        0.0000       15.8591       15.8591      14.386055       0.10749
  31     3.330        1.4731        0.0000       15.8492       15.8492      14.376128       0.09106
  30     4.640        1.4731        0.0000       15.8378       15.8378      14.364729       0.07343
  29     6.520        1.4731        0.0000       15.8253       15.8253      14.352287       0.05585
  28     9.300        1.4731        0.0001       15.8120       15.8121      14.339021       0.04027
  27     13.20        1.4730        0.0001       15.7972       15.7972      14.324199       0.03207
  26     19.07        1.4730        0.0001       15.7775       15.7777      14.304623       0.02814
  25     27.70        1.4730        0.0002       15.7462       15.7464      14.273364       0.03057
  24     32.20        1.4730        0.0002       15.7281       15.7283      14.255251       0.03397
  23     37.60        1.4730        0.0002       15.7054       15.7056      14.232552       0.03547
  22     43.70        1.4730        0.0003       15.6769       15.6772      14.204141       0.03930
  21     51.00        1.4731        0.0003       15.6416       15.6419      14.168831       0.04082
  20     59.50        1.4731        0.0004       15.5980       15.5983      14.125234       0.04328
  19     69.50        1.4732        0.0004       15.5446       15.5450      14.071880       0.04503
  18     81.20        1.4732        0.0005       15.4803       15.4808      14.007568       0.04639
  17     95.00        1.4734        0.0006       15.4042       15.4047      13.931382       0.04659
  16     111.0        1.4735        0.0006       15.3160       15.3166      13.843073       0.04658
  15     130.0        1.4738        0.0008       15.2161       15.2168      13.743068       0.04442
  14     153.0        1.4741        0.0009       15.1050       15.1059      13.631791       0.04083
  13     179.0        1.4746        0.0010       14.9842       14.9853      13.510690       0.03931
  12     209.0        1.4752        0.0012       14.8564       14.8575      13.382305       0.03612
  11     243.0        1.4762        0.0014       14.7202       14.7215      13.245345       0.03399
  10     281.0        1.4778        0.0015       14.5668       14.5683      13.090535       0.03438
   9     324.0        1.4803        0.0018       14.3847       14.3865      12.906168       0.03618
   8     372.0        1.4841        0.0020       14.1660       14.1680      12.683938       0.03907
   7     426.0        1.4895        0.0022       13.8946       13.8968      12.407287       0.04324
   6     487.0        1.4975        0.0025       13.5512       13.5537      12.056152       0.04858
   5     554.0        1.5093        0.0027       13.1186       13.1213      11.612021       0.05594
   4     628.0        1.5277        0.0030       12.5664       12.5694      11.041733       0.06504
   3     710.0        1.5576        0.0032       11.8777       11.8809      10.323251       0.07394
   2     802.0        1.6088        0.0033       11.0757       11.0790       9.470240       0.07825
   1     902.0        1.7012        0.0035       10.2090       10.2125       8.511293       0.08093
   0    1013.0        1.8719        0.0036        9.3562        9.3597       7.487795       0.07781



 Wavenumbers:  5150. -  6150. cm-1, ATM      1
 LEVEL PRESSURE   UPWARD FLUX   DIFDOWN FLUX  DIRDOWN FLUX  DOWNWARD FLUX   NET FLUX    HEATING RATE
          mb          W/m2          W/m2          W/m2        W/m2          W/m2       degree/day
  47   .000061        3.5754        0.0000       39.8524       39.8524      36.277063       0.00000
  46   .000117        3.5754        0.0000       39.8524       39.8524      36.277063       0.00284
  45   .000258        3.5754        0.0000       39.8524       39.8524      36.277063       0.00327
  44   .000625        3.5754        0.0000       39.8524       39.8524      36.277063       0.00412
  43   .001640        3.5754        0.0000       39.8524       39.8524      36.277062       0.00599
  42   .004480        3.5754        0.0000       39.8524       39.8524      36.277059       0.00921
  41    .01200        3.5754        0.0000       39.8524       39.8524      36.277046       0.01420
  40    .03000        3.5754        0.0000       39.8524       39.8524      36.277003       0.02033
  39    .06700        3.5754        0.0000       39.8522       39.8522      36.276884       0.02708
  38    0.1390        3.5754        0.0000       39.8520       39.8520      36.276606       0.03263
  37    0.2720        3.5754        0.0000       39.8514       39.8514      36.276011       0.03772
  36    0.5150        3.5753        0.0000       39.8502       39.8502      36.274831       0.04100
  35    0.9510        3.5753        0.0000       39.8479       39.8480      36.272612       0.04295
  34     1.290        3.5753        0.0000       39.8462       39.8462      36.270879       0.04314
  33     1.760        3.5753        0.0000       39.8438       39.8438      36.268513       0.04248
  32     2.410        3.5753        0.0001       39.8405       39.8406      36.265283       0.04193
  31     3.330        3.5753        0.0001       39.8361       39.8362      36.260910       0.04011
  30     4.640        3.5753        0.0001       39.8301       39.8302      36.254924       0.03857
  29     6.520        3.5752        0.0002       39.8216       39.8218      36.246580       0.03745
  28     9.300        3.5752        0.0003       39.8098       39.8101      36.234894       0.03548
  27     13.20        3.5751        0.0004       39.7936       39.7939      36.218793       0.03484
  26     19.07        3.5751        0.0005       39.7717       39.7722      36.197120       0.03116
  25     27.70        3.5750        0.0008       39.7427       39.7435      36.168527       0.02796
  24     32.20        3.5749        0.0009       39.7290       39.7299      36.154957       0.02545
  23     37.60        3.5749        0.0010       39.7140       39.7150      36.140146       0.02315
  22     43.70        3.5748        0.0012       39.6978       39.6989      36.124146       0.02214
  21     51.00        3.5747        0.0014       39.6803       39.6816      36.106906       0.01993
  20     59.50        3.5747        0.0016       39.6612       39.6628      36.088129       0.01864
  19     69.50        3.5746        0.0019       39.6403       39.6422      36.067563       0.01736
  18     81.20        3.5746        0.0022       39.6172       39.6194      36.044853       0.01638
  17     95.00        3.5745        0.0026       39.5912       39.5937      36.019231       0.01567
  16     111.0        3.5744        0.0030       39.5614       39.5644      35.989969       0.01543
  15     130.0        3.5744        0.0035       39.5274       39.5309      35.956521       0.01486
  14     153.0        3.5743        0.0041       39.4819       39.4860      35.911718       0.01644
  13     179.0        3.5742        0.0048       39.4104       39.4152      35.840974       0.02296
  12     209.0        3.5742        0.0056       39.2463       39.2518      35.677639       0.04595
  11     243.0        3.5742        0.0064       38.8066       38.8130      35.238810       0.10892
  10     281.0        3.5744        0.0072       37.7712       37.7784      34.203967       0.22982
   9     324.0        3.5749        0.0080       36.3683       36.3763      32.801387       0.27527
   8     372.0        3.5758        0.0088       34.8519       34.8607      31.284855       0.26663
   7     426.0        3.5773        0.0095       32.9665       32.9760      29.398680       0.29477
   6     487.0        3.5799        0.0101       30.8250       30.8352      27.255254       0.29654
   5     554.0        3.5843        0.0108       28.6031       28.6139      25.029511       0.28035
   4     628.0        3.5929        0.0114       26.3411       26.3525      22.759602       0.25887
   3     710.0        3.6106        0.0120       24.3040       24.3160      20.705455       0.21141
   2     802.0        3.6489        0.0128       22.6798       22.6926      19.043681       0.15243
   1     902.0        3.7374        0.0136       21.2911       21.3047      17.567360       0.12459
   0    1013.0        3.9748        0.0143       19.8598       19.8742      15.899343       0.12682



 Wavenumbers:  6150. -  7700. cm-1, ATM      1
 LEVEL PRESSURE   UPWARD FLUX   DIFDOWN FLUX  DIRDOWN FLUX  DOWNWARD FLUX   NET FLUX    HEATING RATE
          mb          W/m2          W/m2          W/m2        W/m2          W/m2       degree/day
  47   .000061        5.3977        0.0000       73.7086       73.7086      68.310916       0.00000
  46   .000117        5.3977        0.0000       73.7086       73.7086      68.310916       0.00609
  45   .000258        5.3977        0.0000       73.7086       73.7086      68.310916       0.00890
  44   .000625        5.3977        0.0000       73.7086       73.7086      68.310915       0.01264
  43   .001640        5.3977        0.0000       73.7086       73.7086      68.310913       0.01643
  42   .004480        5.3977        0.0000       73.7086       73.7086      68.310906       0.02040
  41    .01200        5.3977        0.0000       73.7085       73.7085      68.310884       0.02568
  40    .03000        5.3977        0.0000       73.7085       73.7085      68.310815       0.03201
  39    .06700        5.3977        0.0000       73.7083       73.7083      68.310643       0.03939
  38    0.1390        5.3976        0.0000       73.7079       73.7079      68.310256       0.04530
  37    0.2720        5.3976        0.0000       73.7071       73.7071      68.309455       0.05086
  36    0.5150        5.3976        0.0001       73.7054       73.7055      68.307888       0.05439
  35    0.9510        5.3976        0.0001       73.7024       73.7025      68.304963       0.05663
  34     1.290        5.3975        0.0001       73.7001       73.7002      68.302680       0.05683
  33     1.760        5.3975        0.0002       73.6969       73.6971      68.299561       0.05601
  32     2.410        5.3974        0.0003       73.6924       73.6927      68.295288       0.05547
  31     3.330        5.3973        0.0004       73.6864       73.6868      68.289461       0.05345
  30     4.640        5.3972        0.0005       73.6781       73.6786      68.281426       0.05177
  29     6.520        5.3970        0.0007       73.6664       73.6672      68.270155       0.05059
  28     9.300        5.3968        0.0010       73.6500       73.6510      68.254229       0.04835
  27     13.20        5.3964        0.0015       73.6269       73.6284      68.231966       0.04817
  26     19.07        5.3958        0.0022       73.5950       73.5971      68.201315       0.04407
  25     27.70        5.3950        0.0031       73.5515       73.5546      68.159607       0.04079
  24     32.20        5.3946        0.0036       73.5302       73.5339      68.139309       0.03807
  23     37.60        5.3941        0.0042       73.5066       73.5108      68.116778       0.03521
  22     43.70        5.3935        0.0049       73.4805       73.4855      68.091975       0.03431
  21     51.00        5.3928        0.0057       73.4518       73.4575      68.064729       0.03150
  20     59.50        5.3920        0.0067       73.4198       73.4265      68.034536       0.02998
  19     69.50        5.3910        0.0078       73.3842       73.3920      68.000951       0.02834
  18     81.20        5.3899        0.0091       73.3440       73.3532      67.963249       0.02719
  17     95.00        5.3886        0.0107       73.2982       73.3089      67.920284       0.02627
  16     111.0        5.3871        0.0125       73.2453       73.2578      67.870726       0.02614
  15     130.0        5.3853        0.0146       73.1841       73.1987      67.813397       0.02546
  14     153.0        5.3832        0.0170       73.1038       73.1208      67.737651       0.02779
  13     179.0        5.3807        0.0199       72.9816       73.0015      67.620815       0.03792
  12     209.0        5.3780        0.0232       72.7117       72.7349      67.356898       0.07424
  11     243.0        5.3750        0.0267       72.0468       72.0735      66.698484       0.16342
  10     281.0        5.3720        0.0302       70.6258       70.6560      65.284014       0.31413
   9     324.0        5.3694        0.0336       68.3040       68.3376      62.968260       0.45449
   8     372.0        5.3673        0.0370       65.6247       65.6618      60.294427       0.47010
   7     426.0        5.3667        0.0403       62.4747       62.5149      57.148191       0.49170
   6     487.0        5.3688        0.0431       58.6585       58.7015      53.332734       0.52786
   5     554.0        5.3759        0.0456       54.4476       54.4931      49.117232       0.53097
   4     628.0        5.3946        0.0474       49.7610       49.8084      44.413814       0.53639
   3     710.0        5.4388        0.0487       44.8404       44.8890      39.450232       0.51083
   2     802.0        5.5391        0.0495       40.0402       40.0897      34.550545       0.44945
   1     902.0        5.7690        0.0500       35.6167       35.6667      29.897722       0.39266
   0    1013.0        6.3627        0.0507       31.7630       31.8137      25.450962       0.33808



 Wavenumbers:  7700. -  8050. cm-1, ATM      1
 LEVEL PRESSURE   UPWARD FLUX   DIFDOWN FLUX  DIRDOWN FLUX  DOWNWARD FLUX   NET FLUX    HEATING RATE
          mb          W/m2          W/m2          W/m2        W/m2          W/m2       degree/day
  47   .000061        2.8641        0.0000       17.4195       17.4195      14.555441       0.00000
  46   .000117        2.8641        0.0000       17.4195       17.4195      14.555441       0.01026
  45   .000258        2.8641        0.0000       17.4195       17.4195      14.555441       0.01143
  44   .000625        2.8641        0.0000       17.4195       17.4195      14.555440       0.01283
  43   .001640        2.8641        0.0000       17.4195       17.4195      14.555439       0.01374
  42   .004480        2.8641        0.0000       17.4195       17.4195      14.555434       0.01435
  41    .01200        2.8641        0.0000       17.4195       17.4195      14.555421       0.01487
  40    .03000        2.8641        0.0000       17.4195       17.4195      14.555389       0.01488
  39    .06700        2.8641        0.0000       17.4194       17.4194      14.555322       0.01518
  38    0.1390        2.8641        0.0000       17.4193       17.4193      14.555193       0.01512
  37    0.2720        2.8641        0.0000       17.4191       17.4191      14.554954       0.01516
  36    0.5150        2.8642        0.0000       17.4187       17.4187      14.554520       0.01507
  35    0.9510        2.8642        0.0000       17.4179       17.4180      14.553737       0.01516
  34     1.290        2.8643        0.0001       17.4173       17.4174      14.553131       0.01510
  33     1.760        2.8643        0.0001       17.4166       17.4166      14.552296       0.01498
  32     2.410        2.8644        0.0001       17.4155       17.4156      14.551131       0.01513
  31     3.330        2.8646        0.0002       17.4139       17.4141      14.549490       0.01505
  30     4.640        2.8648        0.0002       17.4117       17.4119      14.547159       0.01502
  29     6.520        2.8650        0.0003       17.4086       17.4089      14.543816       0.01500
  28     9.300        2.8654        0.0004       17.4040       17.4044      14.538967       0.01472
  27     13.20        2.8660        0.0006       17.3973       17.3979      14.531912       0.01527
  26     19.07        2.8669        0.0009       17.3876       17.3885      14.521596       0.01483
  25     27.70        2.8682        0.0013       17.3733       17.3746      14.506421       0.01484
  24     32.20        2.8688        0.0015       17.3658       17.3674      14.498520       0.01482
  23     37.60        2.8696        0.0018       17.3571       17.3589      14.489287       0.01443
  22     43.70        2.8705        0.0021       17.3470       17.3490      14.478504       0.01492
  21     51.00        2.8716        0.0024       17.3351       17.3375      14.465915       0.01455
  20     59.50        2.8729        0.0028       17.3213       17.3241      14.451198       0.01461
  19     69.50        2.8744        0.0033       17.3051       17.3084      14.433989       0.01452
  18     81.20        2.8762        0.0038       17.2862       17.2901      14.413871       0.01451
  17     95.00        2.8783        0.0045       17.2642       17.2687      14.390358       0.01438
  16     111.0        2.8808        0.0052       17.2385       17.2438      14.362972       0.01444
  15     130.0        2.8837        0.0061       17.2088       17.2149      14.331166       0.01413
  14     153.0        2.8872        0.0071       17.1742       17.1814      14.294131       0.01359
  13     179.0        2.8914        0.0083       17.1341       17.1425      14.251092       0.01397
  12     209.0        2.8962        0.0097       17.0886       17.0983      14.202068       0.01379
  11     243.0        2.9018        0.0113       17.0377       17.0490      14.147161       0.01363
  10     281.0        2.9083        0.0130       16.9811       16.9941      14.085807       0.01363
   9     324.0        2.9158        0.0149       16.9181       16.9331      14.017290       0.01345
   8     372.0        2.9245        0.0171       16.8482       16.8653      13.940820       0.01344
   7     426.0        2.9348        0.0195       16.7705       16.7900      13.855193       0.01338
   6     487.0        2.9470        0.0221       16.6835       16.7056      13.758625       0.01336
   5     554.0        2.9616        0.0250       16.5854       16.6104      13.648838       0.01383
   4     628.0        2.9798        0.0281       16.4724       16.5006      13.520812       0.01460
   3     710.0        3.0033        0.0316       16.3375       16.3690      13.365720       0.01596
   2     802.0        3.0353        0.0352       16.1702       16.2054      13.170128       0.01794
   1     902.0        3.0807        0.0391       15.9577       15.9968      12.916114       0.02144
   0    1013.0        3.1464        0.0431       15.6890       15.7321      12.585687       0.02512



 Wavenumbers:  8050. - 12850. cm-1, ATM      1
 LEVEL PRESSURE   UPWARD FLUX   DIFDOWN FLUX  DIRDOWN FLUX  DOWNWARD FLUX   NET FLUX    HEATING RATE
          mb          W/m2          W/m2          W/m2        W/m2          W/m2       degree/day
  47   .000061       35.3747        0.0000      243.8863      243.8863     208.511629       0.00000
  46   .000117       35.3747        0.0000      243.8863      243.8863     208.511629      -0.00000
  45   .000258       35.3747        0.0000      243.8863      243.8863     208.511629       0.00000
  44   .000625       35.3747        0.0000      243.8863      243.8863     208.511629       0.00000
  43   .001640       35.3747        0.0000      243.8863      243.8863     208.511629      -0.00000
  42   .004480       35.3747        0.0000      243.8863      243.8863     208.511629       0.00000
  41    .01200       35.3746        0.0000      243.8862      243.8863     208.511629       0.00000
  40    .03000       35.3746        0.0001      243.8862      243.8862     208.511629       0.00000
  39    .06700       35.3746        0.0002      243.8860      243.8862     208.511629      -0.00000
  38    0.1390       35.3744        0.0003      243.8857      243.8861     208.511629       0.00000
  37    0.2720       35.3742        0.0006      243.8852      243.8858     208.511629       0.00000
  36    0.5150       35.3738        0.0012      243.8843      243.8854     208.511629      -0.00000
  35    0.9510       35.3731        0.0022      243.8825      243.8847     208.511629       0.00000
  34     1.290       35.3725        0.0030      243.8812      243.8842     208.511629      -0.00000
  33     1.760       35.3718        0.0040      243.8794      243.8834     208.511629       0.00000
  32     2.410       35.3707        0.0055      243.8768      243.8823     208.511629       0.00000
  31     3.330       35.3692        0.0076      243.8732      243.8808     208.511629      -0.00000
  30     4.640       35.3670        0.0106      243.8680      243.8787     208.511629       0.00000
  29     6.520       35.3640        0.0149      243.8606      243.8756     208.511629      -0.00000
  28     9.300       35.3595        0.0212      243.8499      243.8711     208.511629      -0.00000
  27     13.20       35.3530        0.0303      243.8343      243.8646     208.511629       0.00000
  26     19.07       35.3434        0.0436      243.8114      243.8550     208.511629       0.00000
  25     27.70       35.3293        0.0633      243.7776      243.8409     208.511629       0.00000
  24     32.20       35.3219        0.0736      243.7600      243.8335     208.511629      -0.00000
  23     37.60       35.3133        0.0856      243.7393      243.8249     208.511629       0.00000
  22     43.70       35.3032        0.0997      243.7151      243.8148     208.511629       0.00000
  21     51.00       35.2913        0.1162      243.6868      243.8030     208.511629      -0.00000
  20     59.50       35.2775        0.1355      243.6536      243.7891     208.511629       0.00000
  19     69.50       35.2612        0.1582      243.6146      243.7728     208.511629      -0.00000
  18     81.20       35.2420        0.1849      243.5687      243.7536     208.511629       0.00000
  17     95.00       35.2195        0.2162      243.5149      243.7311     208.511629      -0.00000
  16     111.0       35.1932        0.2529      243.4465      243.6994     208.506227       0.00285
  15     130.0       35.1624        0.2958      243.3664      243.6622     208.499733       0.00288
  14     153.0       35.1263        0.3461      243.2705      243.6166     208.490284       0.00347
  13     179.0       35.0840        0.4051      243.1522      243.5573     208.473340       0.00550
  12     209.0       35.0353        0.4729      242.9859      243.4588     208.423460       0.01403
  11     243.0       34.9807        0.5493      242.6713      243.2206     208.239938       0.04555
  10     281.0       34.9204        0.6346      242.0124      242.6470     207.726625       0.11400
   9     324.0       34.8554        0.7294      240.9537      241.6831     206.827702       0.17642
   8     372.0       34.7866        0.8343      239.5767      240.4110     205.624382       0.21156
   7     426.0       34.7172        0.9490      237.6979      238.6469     203.929627       0.26486
   6     487.0       34.6528        1.0732      235.0577      236.1310     201.478107       0.33916
   5     554.0       34.6035        1.2062      231.4721      232.6783     198.074800       0.42867
   4     628.0       34.5975        1.3442      226.3588      227.7030     193.105493       0.56671
   3     710.0       34.6942        1.4832      219.2598      220.7430     186.048827       0.72625
   2     802.0       35.0186        1.6190      210.1398      211.7587     176.740135       0.85388
   1     902.0       35.8416        1.7469      199.2427      200.9895     165.147922       0.97828
   0    1013.0       37.8478        1.8689      187.3701      189.2390     151.391178       1.04590



 Wavenumbers: 12850. - 16000. cm-1, ATM      1
 LEVEL PRESSURE   UPWARD FLUX   DIFDOWN FLUX  DIRDOWN FLUX  DOWNWARD FLUX   NET FLUX    HEATING RATE
          mb          W/m2          W/m2          W/m2        W/m2          W/m2       degree/day
  47   .000061       28.5041        0.0000      152.8163      152.8163     124.312196       0.00000
  46   .000117       28.5041        0.0000      152.8163      152.8163     124.312193       0.39567
  45   .000258       28.5041        0.0000      152.8163      152.8163     124.312185       0.45396
  44   .000625       28.5041        0.0000      152.8163      152.8163     124.312163       0.52492
  43   .001640       28.5041        0.0000      152.8162      152.8162     124.312094       0.56938
  42   .004480       28.5041        0.0000      152.8160      152.8160     124.311897       0.58524
  41    .01200       28.5041        0.0001      152.8154      152.8155     124.311379       0.58191
  40    .03000       28.5040        0.0001      152.8140      152.8142     124.310164       0.56946
  39    .06700       28.5039        0.0003      152.8112      152.8115     124.307625       0.57899
  38    0.1390       28.5037        0.0007      152.8057      152.8064     124.302678       0.57988
  37    0.2720       28.5035        0.0014      152.7956      152.7970     124.293512       0.58161
  36    0.5150       28.5032        0.0026      152.7779      152.7805     124.277243       0.56501
  35    0.9510       28.5032        0.0048      152.7475      152.7523     124.249099       0.54475
  34     1.290       28.5035        0.0064      152.7249      152.7313     124.227800       0.53022
  33     1.760       28.5046        0.0088      152.6943      152.7031     124.198471       0.52662
  32     2.410       28.5072        0.0120      152.6512      152.6632     124.155978       0.55170
  31     3.330       28.5129        0.0166      152.5877      152.6043     124.091326       0.59305
  30     4.640       28.5236        0.0231      152.4928      152.5159     123.992277       0.63809
  29     6.520       28.5408        0.0324      152.3558      152.3881     123.847386       0.65040
  28     9.300       28.5644        0.0458      152.1675      152.2133     123.648914       0.60250
  27     13.20       28.5936        0.0654      151.9201      151.9855     123.391837       0.55628
  26     19.07       28.6280        0.0940      151.5972      151.6912     123.063207       0.47246
  25     27.70       28.6655        0.1361      151.1824      151.3184     122.652948       0.40119
  24     32.20       28.6790        0.1580      150.9932      151.1511     122.472096       0.33916
  23     37.60       28.6898        0.1836      150.7950      150.9786     122.288800       0.28646
  22     43.70       28.6975        0.2136      150.5846      150.7982     122.100627       0.26033
  21     51.00       28.7015        0.2486      150.3622      150.6108     121.909257       0.22123
  20     59.50       28.7009        0.2896      150.1269      150.4165     121.715674       0.19220
  19     69.50       28.6935        0.3378      149.8819      150.2197     121.526163       0.15993
  18     81.20       28.6765        0.3943      149.6348      150.0291     121.352607       0.12519
  17     95.00       28.6487        0.4606      149.3829      149.8435     121.194772       0.09652
  16     111.0       28.6160        0.5386      149.1107      149.6492     121.033244       0.08520
  15     130.0       28.5744        0.6296      148.8113      149.4409     120.866485       0.07407
  14     153.0       28.5225        0.7361      148.4767      149.2128     120.690308       0.06464
  13     179.0       28.4569        0.8606      148.1043      148.9649     120.508044       0.05916
  12     209.0       28.3760        1.0034      147.6942      148.6976     120.321598       0.05245
  11     243.0       28.2814        1.1642      147.2361      148.4003     120.118953       0.05030
  10     281.0       28.1725        1.3444      146.7183      148.0627     119.890198       0.05080
   9     324.0       28.0495        1.5456      146.1270      147.6726     119.623131       0.05241
   8     372.0       27.9123        1.7692      145.4509      147.2202     119.307809       0.05544
   7     426.0       27.7616        2.0167      144.6751      146.6918     118.930160       0.05902
   6     487.0       27.5988        2.2897      143.7764      146.0660     118.467257       0.06404
   5     554.0       27.4269        2.5892      142.7236      145.3127     117.885846       0.07323
   4     628.0       27.2571        2.9149      141.4372      144.3522     117.095091       0.09018
   3     710.0       27.1069        3.2646      139.8241      143.0888     115.981928       0.11456
   2     802.0       27.0109        3.6337      137.7614      141.3951     114.384204       0.14656
   1     902.0       27.0338        4.0165      135.1284      139.1449     112.111136       0.19183
   0    1013.0       27.2723        4.4108      131.9505      136.3613     109.089053       0.22976



 Wavenumbers: 16000. - 22650. cm-1, ATM      1
 LEVEL PRESSURE   UPWARD FLUX   DIFDOWN FLUX  DIRDOWN FLUX  DOWNWARD FLUX   NET FLUX    HEATING RATE
          mb          W/m2          W/m2          W/m2        W/m2          W/m2       degree/day
  47   .000061       57.2768        0.0000      243.6487      243.6487     186.371879       0.00000
  46   .000117       57.2768        0.0000      243.6487      243.6487     186.371878       0.02473
  45   .000258       57.2768        0.0000      243.6487      243.6487     186.371877       0.06143
  44   .000625       57.2768        0.0000      243.6487      243.6487     186.371872       0.11212
  43   .001640       57.2768        0.0000      243.6486      243.6487     186.371855       0.14413
  42   .004480       57.2768        0.0001      243.6485      243.6486     186.371813       0.12566
  41    .01200       57.2767        0.0003      243.6481      243.6484     186.371757       0.06316
  40    .03000       57.2764        0.0008      243.6472      243.6481     186.371678       0.03700
  39    .06700       57.2758        0.0019      243.6454      243.6473     186.371427       0.05717
  38    0.1390       57.2749        0.0039      243.6414      243.6453     186.370439       0.11579
  37    0.2720       57.2734        0.0076      243.6331      243.6407     186.367211       0.20484
  36    0.5150       57.2715        0.0144      243.6157      243.6300     186.358533       0.30138
  35    0.9510       57.2697        0.0266      243.5785      243.6051     186.335326       0.44918
  34     1.290       57.2699        0.0360      243.5447      243.5807     186.310801       0.61053
  33     1.760       57.2722        0.0490      243.4912      243.5402     186.267956       0.76931
  32     2.410       57.2797        0.0671      243.4028      243.4699     186.190191       1.00964
  31     3.330       57.2977        0.0927      243.2536      243.3462     186.048487       1.29986
  30     4.640       57.3333        0.1289      243.0095      243.1384     185.805081       1.56804
  29     6.520       57.3911        0.1807      242.6383      242.8190     185.427959       1.69287
  28     9.300       57.4704        0.2558      242.1164      242.3722     184.901785       1.59729
  27     13.20       57.5662        0.3649      241.4249      241.7898     184.223573       1.46757
  26     19.07       57.6749        0.5240      240.5210      241.0450     183.370143       1.22696
  25     27.70       57.7852        0.7577      239.3583      240.1161     182.330852       1.01631
  24     32.20       57.8200        0.8793      238.8274      239.7067     181.886704       0.83294
  23     37.60       57.8414        1.0215      238.2694      239.2909     181.449508       0.68325
  22     43.70       57.8484        1.1875      237.6750      238.8625     181.014159       0.60229
  21     51.00       57.8372        1.3815      237.0421      238.4236     180.586423       0.49448
  20     59.50       57.8038        1.6084      236.3657      237.9741     180.170268       0.41318
  19     69.50       57.7401        1.8740      235.6504      237.5244     179.784323       0.32570
  18     81.20       57.6333        2.1852      234.9117      237.0969     179.463639       0.23131
  17     95.00       57.4788        2.5498      234.1358      236.6856     179.206828       0.15705
  16     111.0       57.2816        2.9751      233.2807      236.2558     178.974206       0.12270
  15     130.0       57.0406        3.4695      232.3157      235.7852     178.744595       0.10199
  14     153.0       56.7482        4.0458      231.2165      235.2624     178.514163       0.08455
  13     179.0       56.3905        4.7166      229.9786      234.6953     178.304744       0.06797
  12     209.0       55.9619        5.4819      228.6136      234.0954     178.133546       0.04816
  11     243.0       55.4661        6.3386      227.1113      233.4499     177.983833       0.03716
  10     281.0       54.8979        7.2926      225.4589      232.7515     177.853625       0.02892
   9     324.0       54.2521        8.3499      223.6387      231.9885     177.736414       0.02300
   8     372.0       53.5239        9.5159      221.6313      231.1471     177.623240       0.01990
   7     426.0       52.7063       10.7955      219.4225      230.2180     177.511731       0.01743
   6     487.0       51.7909       12.1946      216.9941      229.1887     177.397812       0.01576
   5     554.0       50.7693       13.7177      214.3274      228.0451     177.275758       0.01537
   4     628.0       49.6357       15.3660      211.3991      226.7651     177.129471       0.01668
   3     710.0       48.3848       17.1387      208.1819      225.3206     176.935792       0.01993
   2     802.0       47.0139       19.0334      204.6336      223.6670     176.653148       0.02593
   1     902.0       45.5223       21.0471      200.6945      221.7416     176.219292       0.03661
   0    1013.0       43.9034       23.1758      196.3410      219.5168     175.613451       0.04606



 Wavenumbers: 22650. - 29000. cm-1, ATM      1
 LEVEL PRESSURE   UPWARD FLUX   DIFDOWN FLUX  DIRDOWN FLUX  DOWNWARD FLUX   NET FLUX    HEATING RATE
          mb          W/m2          W/m2          W/m2        W/m2          W/m2       degree/day
  47   .000061       31.3048        0.0000       91.9441       91.9441      60.639349       0.00000
  46   .000117       31.3048        0.0000       91.9441       91.9441      60.639349       0.00000
  45   .000258       31.3048        0.0000       91.9441       91.9441      60.639349      -0.00000
  44   .000625       31.3048        0.0000       91.9441       91.9441      60.639349      -0.00000
  43   .001640       31.3048        0.0001       91.9441       91.9441      60.639349       0.00000
  42   .004480       31.3047        0.0002       91.9439       91.9441      60.639349      -0.00000
  41    .01200       31.3046        0.0004       91.9435       91.9440      60.639349       0.00000
  40    .03000       31.3043        0.0010       91.9427       91.9437      60.639349       0.00000
  39    .06700       31.3037        0.0023       91.9408       91.9431      60.639349       0.00000
  38    0.1390       31.3026        0.0048       91.9372       91.9420      60.639349       0.00000
  37    0.2720       31.3005        0.0094       91.9305       91.9399      60.639349       0.00000
  36    0.5150       31.2967        0.0177       91.9183       91.9360      60.639349      -0.00000
  35    0.9510       31.2898        0.0328       91.8964       91.9291      60.639349       0.00000
  34     1.290       31.2844        0.0444       91.8794       91.9238      60.639349       0.00000
  33     1.760       31.2771        0.0605       91.8560       91.9164      60.639349      -0.00000
  32     2.410       31.2668        0.0829       91.8233       91.9062      60.639349       0.00000
  31     3.330       31.2524        0.1144       91.7773       91.8917      60.639349      -0.00000
  30     4.640       31.2318        0.1591       91.7120       91.8711      60.639349       0.00000
  29     6.520       31.2023        0.2232       91.6184       91.8416      60.639349      -0.00000
  28     9.300       31.1594        0.3161       91.4827       91.7988      60.639349       0.00000
  27     13.20       31.0970        0.4511       91.2852       91.7363      60.639349       0.00000
  26     19.07       31.0054        0.6480       90.9967       91.6447      60.639349       0.00000
  25     27.70       30.8702        0.9368       90.5728       91.5095      60.639349       0.00000
  24     32.20       30.7996        1.0867       90.3522       91.4389      60.639349      -0.00000
  23     37.60       30.7168        1.2616       90.0946       91.3562      60.639349      -0.00000
  22     43.70       30.6199        1.4652       89.7940       91.2592      60.639349       0.00000
  21     51.00       30.5063        1.7023       89.4434       91.1457      60.639349       0.00000
  20     59.50       30.3731        1.9785       89.0339       91.0124      60.639349      -0.00000
  19     69.50       30.2165        2.3001       88.5558       90.8559      60.639349       0.00000
  18     81.20       30.0325        2.6742       87.9977       90.6719      60.639349       0.00000
  17     95.00       29.8162        3.1088       87.3467       90.4555      60.639349      -0.00000
  16     111.0       29.5624        3.6112       86.5905       90.2017      60.639349       0.00000
  15     130.0       29.2652        4.1897       85.7148       89.9046      60.639349       0.00000
  14     153.0       28.9159        4.8563       84.6990       89.5553      60.639349       0.00000
  13     179.0       28.5057        5.6211       83.5240       89.1450      60.639349       0.00000
  12     209.0       28.0329        6.4786       82.1936       88.6722      60.639349      -0.00000
  11     243.0       27.4971        7.4204       80.7161       88.1364      60.639349       0.00000
  10     281.0       26.8922        8.4461       79.0854       87.5315      60.639349      -0.00000
   9     324.0       26.2113        9.5545       77.2962       86.8506      60.639349       0.00000
   8     372.0       25.4469       10.7424       75.3439       86.0863      60.639349       0.00000
   7     426.0       24.5912       12.0041       73.2264       85.2306      60.639349       0.00000
   6     487.0       23.6345       13.3330       70.9409       84.2739      60.639349      -0.00000
   5     554.0       22.5666       14.7187       68.4872       83.2059      60.639349       0.00000
   4     628.0       21.3776       16.1468       65.8701       82.0169      60.639349      -0.00000
   3     710.0       20.0569       17.5979       63.0984       80.6963      60.639349       0.00000
   2     802.0       18.5918       19.0534       60.1778       79.2312      60.639349      -0.00000
   1     902.0       16.9654       20.4887       57.1161       77.6048      60.639349       0.00000
   0    1013.0       15.1598       21.8751       53.9240       75.7992      60.639349       0.00000



 Wavenumbers: 29000. - 38000. cm-1, ATM      1
 LEVEL PRESSURE   UPWARD FLUX   DIFDOWN FLUX  DIRDOWN FLUX  DOWNWARD FLUX   NET FLUX    HEATING RATE
          mb          W/m2          W/m2          W/m2        W/m2          W/m2       degree/day
  47   .000061        6.5995        0.0000       32.4233       32.4233      25.823828       0.00000
  46   .000117        6.5995        0.0000       32.4233       32.4233      25.823822       0.87009
  45   .000258        6.5995        0.0000       32.4233       32.4233      25.823787       2.14717
  44   .000625        6.5995        0.0000       32.4231       32.4231      25.823617       3.89915
  43   .001640        6.5995        0.0000       32.4224       32.4225      25.823016       4.99601
  42   .004480        6.5994        0.0001       32.4209       32.4210      25.821552       4.35045
  41    .01200        6.5993        0.0003       32.4186       32.4189      25.819602       2.18822
  40    .03000        6.5990        0.0008       32.4150       32.4158      25.816859       1.28616
  39    .06700        6.5983        0.0019       32.4045       32.4064      25.808103       1.99713
  38    0.1390        6.5970        0.0039       32.3667       32.3705      25.773521       4.05329
  37    0.2720        6.5950        0.0075       32.2490       32.2565      25.661518       7.10685
  36    0.5150        6.5920        0.0140       31.9498       31.9638      25.371771      10.06262
  35    0.9510        6.5882        0.0249       31.2390       31.2639      24.675717      13.47272
  34     1.290        6.5865        0.0326       30.6020       30.6346      24.048129      15.62333
  33     1.760        6.5859        0.0424       29.7023       29.7447      23.158837      15.96779
  32     2.410        6.5879        0.0549       28.5264       28.5813      21.993400      15.13122
  31     3.330        6.5960        0.0712       27.1636       27.2348      20.638773      12.42597
  30     4.640        6.6142        0.0928       25.7385       25.8313      19.217165       9.15813
  29     6.520        6.6453        0.1224       24.3368       24.4592      17.813889       6.29918
  28     9.300        6.6900        0.1636       23.0283       23.1919      16.501962       3.98257
  27     13.20        6.7474        0.2218       21.8258       22.0476      15.300189       2.60050
  26     19.07        6.8199        0.3037       20.6836       20.9873      14.167471       1.62848
  25     27.70        6.9091        0.4201       19.5807       20.0008      13.091710       1.05197
  24     32.20        6.9462        0.4796       19.1603       19.6400      12.693764       0.74630
  23     37.60        6.9798        0.5489       18.7589       19.3078      12.328056       0.57153
  22     43.70        7.0102        0.6292       18.3653       18.9945      11.984296       0.47558
  21     51.00        7.0358        0.7223       17.9768       18.6990      11.663195       0.37121
  20     59.50        7.0549        0.8302       17.5890       18.4191      11.364250       0.29680
  19     69.50        7.0625        0.9553       17.2038       18.1591      11.096561       0.22591
  18     81.20        7.0502        1.1019       16.8294       17.9313      10.881070       0.15543
  17     95.00        7.0155        1.2730       16.4554       17.7284      10.712891       0.10285
  16     111.0        6.9638        1.4705       16.0583       17.5288      10.565059       0.07797
  15     130.0        6.8960        1.6858       15.6250       17.3108      10.414725       0.06677
  14     153.0        6.8118        1.9362       15.1478       17.0840      10.272111       0.05233
  13     179.0        6.7033        2.2189       14.6299       16.8488      10.145433       0.04112
  12     209.0        6.5666        2.5291       14.0800       16.6091      10.042525       0.02895
  11     243.0        6.4048        2.8606       13.4975       16.3581       9.953302       0.02215
  10     281.0        6.2161        3.2112       12.8820       16.0933       9.877128       0.01692
   9     324.0        5.9991        3.5762       12.2333       15.8095       9.810417       0.01309
   8     372.0        5.7527        3.9493       11.5519       15.5012       9.748499       0.01089
   7     426.0        5.4743        4.3251       10.8406       15.1657       9.691400       0.00892
   6     487.0        5.1608        4.6952       10.1044       14.7996       9.638804       0.00728
   5     554.0        4.8089        5.0515        9.3479       14.3993       9.590428       0.00609
   4     628.0        4.4157        5.3832        8.5776       13.9608       9.545077       0.00517
   3     710.0        3.9778        5.6786        7.8018       13.4804       9.502539       0.00438
   2     802.0        3.4909        5.9255        7.0285       12.9540       9.463062       0.00362
   1     902.0        2.9497        6.1130        6.2632       12.3761       9.426425       0.00309
   0    1013.0        2.3481        6.2244        5.5161       11.7405       9.392419       0.00259



 Wavenumbers: 38000. - 50000. cm-1, ATM      1
 LEVEL PRESSURE   UPWARD FLUX   DIFDOWN FLUX  DIRDOWN FLUX  DOWNWARD FLUX   NET FLUX    HEATING RATE
          mb          W/m2          W/m2          W/m2        W/m2          W/m2       degree/day
  47   .000061        0.0074        0.0000        1.9998        1.9998       1.992418       0.00000
  46   .000117        0.0074        0.0000        1.9998        1.9998       1.992414       0.63394
  45   .000258        0.0074        0.0000        1.9998        1.9998       1.992391       1.32922
  44   .000625        0.0074        0.0000        1.9997        1.9997       1.992291       2.31038
  43   .001640        0.0074        0.0000        1.9994        1.9994       1.991939       2.92923
  42   .004480        0.0074        0.0000        1.9984        1.9985       1.991069       2.58571
  41    .01200        0.0074        0.0001        1.9971        1.9972       1.989805       1.41745
  40    .03000        0.0073        0.0002        1.9949        1.9951       1.987808       0.93646
  39    .06700        0.0071        0.0004        1.9887        1.9891       1.982066       1.30976
  38    0.1390        0.0067        0.0008        1.9676        1.9684       1.961732       2.38334
  37    0.2720        0.0061        0.0016        1.9041        1.9057       1.899555       3.94526
  36    0.5150        0.0052        0.0027        1.7493        1.7519       1.746736       5.30726
  35    0.9510        0.0039        0.0038        1.4136        1.4174       1.413475       6.45055
  34     1.290        0.0032        0.0041        1.1489        1.1529       1.149745       6.56535
  33     1.760        0.0024        0.0038        0.8333        0.8371       0.834700       5.65683
  32     2.410        0.0018        0.0032        0.5242        0.5273       0.525583       4.01336
  31     3.330        0.0012        0.0024        0.2974        0.2998       0.298560       2.08248
  30     4.640        0.0009        0.0018        0.1623        0.1641       0.163254       0.87166
  29     6.520        0.0006        0.0013        0.0864        0.0877       0.087161       0.34157
  28     9.300        0.0004        0.0010        0.0458        0.0467       0.046368       0.12383
  27     13.20        0.0002        0.0006        0.0228        0.0235       0.023259       0.05000
  26     19.07        0.0001        0.0004        0.0098        0.0101       0.010033       0.01901
  25     27.70        0.0000        0.0002        0.0034        0.0036       0.003512       0.00638
  24     32.20        0.0000        0.0001        0.0021        0.0022       0.002179       0.00250
  23     37.60        0.0000        0.0001        0.0013        0.0013       0.001314       0.00135
  22     43.70        0.0000        0.0000        0.0007        0.0008       0.000761       0.00076
  21     51.00        0.0000        0.0000        0.0004        0.0004       0.000421       0.00039
  20     59.50        0.0000        0.0000        0.0002        0.0002       0.000220       0.00020
  19     69.50        0.0000        0.0000        0.0001        0.0001       0.000108       0.00009
  18     81.20        0.0000        0.0000        0.0000        0.0001       0.000050       0.00004
  17     95.00        0.0000        0.0000        0.0000        0.0000       0.000021       0.00002
  16     111.0        0.0000        0.0000        0.0000        0.0000       0.000008       0.00001
  15     130.0        0.0000        0.0000        0.0000        0.0000       0.000003       0.00000
  14     153.0        0.0000        0.0000        0.0000        0.0000       0.000001       0.00000
  13     179.0        0.0000        0.0000        0.0000        0.0000       0.000000       0.00000
  12     209.0        0.0000        0.0000        0.0000        0.0000       0.000000       0.00000
  11     243.0        0.0000        0.0000        0.0000        0.0000       0.000000       0.00000
  10     281.0        0.0000        0.0000        0.0000        0.0000       0.000000       0.00000
   9     324.0        0.0000        0.0000        0.0000        0.0000       0.000000       0.00000
   8     372.0        0.0000        0.0000        0.0000        0.0000       0.000000       0.00000
   7     426.0        0.0000        0.0000        0.0000        0.0000       0.000000       0.00000
   6     487.0        0.0000        0.0000        0.0000        0.0000       0.000000       0.00000
   5     554.0        0.0000        0.0000        0.0000        0.0000       0.000000       0.00000
   4     628.0        0.0000        0.0000        0.0000        0.0000       0.000000       0.00000
   3     710.0        0.0000        0.0000        0.0000        0.0000       0.000000       0.00000
   2     802.0        0.0000        0.0000        0.0000        0.0000       0.000000       0.00000
   1     902.0        0.0000        0.0000        0.0000        0.0000       0.000000       0.00000
   0    1013.0        0.0000        0.0000        0.0000        0.0000       0.000000       0.00000



 Wavenumbers:   820. -  2600. cm-1, ATM      1
 LEVEL PRESSURE   UPWARD FLUX   DIFDOWN FLUX  DIRDOWN FLUX  DOWNWARD FLUX   NET FLUX    HEATING RATE
          mb          W/m2          W/m2          W/m2        W/m2          W/m2       degree/day
  47   .000061        0.3821        0.0000        9.3550        9.3550       8.972902       0.00000
  46   .000117        0.3821        0.0000        9.3550        9.3550       8.972829      11.10784
  45   .000258        0.3821        0.0000        9.3547        9.3547       8.972559      16.15118
  44   .000625        0.3821        0.0000        9.3541        9.3541       8.972019      12.40359
  43   .001640        0.3821        0.0000        9.3535        9.3535       8.971371       5.38915
  42   .004480        0.3821        0.0000        9.3523        9.3523       8.970129       3.69236
  41    .01200        0.3821        0.0000        9.3505        9.3505       8.968368       1.97558
  40    .03000        0.3821        0.0000        9.3493        9.3493       8.967153       0.56960
  39    .06700        0.3821        0.0000        9.3476        9.3476       8.965481       0.38141
  38    0.1390        0.3821        0.0000        9.3437        9.3437       8.961548       0.46098
  37    0.2720        0.3821        0.0000        9.3366        9.3366       8.954431       0.45159
  36    0.5150        0.3821        0.0000        9.3263        9.3263       8.944132       0.35768
  35    0.9510        0.3821        0.0000        9.3097        9.3097       8.927617       0.31967
  34     1.290        0.3821        0.0000        9.2970        9.2970       8.914910       0.31632
  33     1.760        0.3821        0.0000        9.2800        9.2800       8.897902       0.30540
  32     2.410        0.3821        0.0000        9.2572        9.2572       8.875059       0.29657
  31     3.330        0.3821        0.0000        9.2262        9.2262       8.844052       0.28442
  30     4.640        0.3821        0.0000        9.1844        9.1844       8.802253       0.26928
  29     6.520        0.3821        0.0000        9.1287        9.1287       8.746576       0.24993
  28     9.300        0.3821        0.0000        9.0544        9.0544       8.672271       0.22556
  27     13.20        0.3821        0.0000        8.9571        8.9571       8.574996       0.21049
  26     19.07        0.3821        0.0000        8.8435        8.8435       8.461325       0.16342
  25     27.70        0.3822        0.0000        8.7387        8.7387       8.356545       0.10246
  24     32.20        0.3822        0.0000        8.7046        8.7046       8.322450       0.06394
  23     37.60        0.3822        0.0000        8.6744        8.6744       8.292238       0.04722
  22     43.70        0.3822        0.0000        8.6459        8.6459       8.263696       0.03949
  21     51.00        0.3822        0.0000        8.6162        8.6162       8.234013       0.03431
  20     59.50        0.3822        0.0000        8.5829        8.5829       8.200693       0.03308
  19     69.50        0.3822        0.0000        8.5444        8.5444       8.162234       0.03246
  18     81.20        0.3822        0.0000        8.5003        8.5003       8.118078       0.03185
  17     95.00        0.3822        0.0000        8.4492        8.4492       8.067001       0.03123
  16     111.0        0.3823        0.0000        8.3897        8.3898       8.007492       0.03139
  15     130.0        0.3823        0.0000        8.3207        8.3208       7.938460       0.03066
  14     153.0        0.3823        0.0000        8.2362        8.2362       7.853879       0.03103
  13     179.0        0.3824        0.0000        8.1271        8.1272       7.744786       0.03541
  12     209.0        0.3825        0.0000        7.9543        7.9543       7.571846       0.04865
  11     243.0        0.3826        0.0000        7.6412        7.6413       7.258605       0.07775
  10     281.0        0.3830        0.0000        7.2062        7.2062       6.823222       0.09669
   9     324.0        0.3835        0.0000        6.7848        6.7849       6.401314       0.08280
   8     372.0        0.3844        0.0000        6.3267        6.3267       5.942303       0.08070
   7     426.0        0.3857        0.0000        5.7778        5.7778       5.392078       0.08599
   6     487.0        0.3875        0.0000        5.2720        5.2720       4.884520       0.07022
   5     554.0        0.3902        0.0000        4.9292        4.9292       4.539013       0.04352
   4     628.0        0.3951        0.0000        4.6503        4.6504       4.255282       0.03236
   3     710.0        0.4049        0.0000        4.2974        4.2975       3.892534       0.03733
   2     802.0        0.4257        0.0000        3.8628        3.8628       3.437163       0.04177
   1     902.0        0.4708        0.0000        3.3915        3.3915       2.920670       0.04359
   0    1013.0        0.5740        0.0000        2.8701        2.8701       2.296081       0.04749

  Modules and versions used in this calculation:

       rrtmg_sw.1col.f90:  $Revision: 33222 $            rrtmg_sw_init.f90:  $Revision: 33222 $
     rrtmgsw_cldprop.f90:  $Revision: 33222 $          rrtmgsw_cldprmc.f90:  NOT USED          
     rrtmg_sw_reftra.f90:  $Revision: 33222 $          rrtmg_sw_spcvrt.f90:  NOT USED          
     rrtmg_sw_spcvmc.f90:  NOT USED                    rrtmgsw_setcoef.f90:  NOT USED          
     rrtmg_sw_taumol.f90:  $Revision: 33222 $          rrtmg_sw_vrtqdr.f90:  NOT USED          
                rrtatm.f:  NOT USED                             util_xxx.f:  NOT USED          
                 extra.f:  NOT USED                       rrtmg_sw_k_g.f90:  $Revision: 33222 $

