

 Wavenumbers:   820. - 50000. cm-1, ATM      1
 LEVEL PRESSURE   UPWARD FLUX   DIFDOWN FLUX  DIRDOWN FLUX  DOWNWARD FLUX   NET FLUX    HEATING RATE
          mb          W/m2          W/m2          W/m2        W/m2          W/m2       degree/day
  60   .000400      249.6287        0.0000     1360.8491     1360.8491    1111.220461       0.00000
  59    .06920      249.6251        0.0076     1360.7683     1360.7758    1111.150778       8.54742
  58    .09590      249.6237        0.0105     1360.7381     1360.7486    1111.124855       8.19373
  57    0.1353      249.6219        0.0148     1360.6863     1360.7011    1111.079244       9.76933
  56    0.1908      249.6195        0.0208     1360.6000     1360.6208    1111.001342      11.84559
  55    0.2701      249.6164        0.0294     1360.4481     1360.4775    1110.861084      14.92634
  54    0.3824      249.6128        0.0414     1360.1893     1360.2307    1110.617947      18.27128
  53    0.5428      249.6088        0.0585     1359.7388     1359.7973    1110.188547      22.59207
  52    0.7717      249.6053        0.0820     1358.9850     1359.0670    1109.461667      26.79881
  51     1.095      249.6051        0.1141     1357.7280     1357.8421    1108.237007      31.94770
  50     1.558      249.6119        0.1585     1355.8762     1356.0347    1106.422763      33.11848
  49     2.226      249.6338        0.2209     1353.4675     1353.6884    1104.054538      29.88754
  48     3.186      249.6777        0.3096     1350.9189     1351.2286    1101.550852      22.00935
  47     4.573      249.7465        0.4371     1348.4563     1348.8934    1099.146911      14.63196
  46     6.560      249.8428        0.6179     1345.9971     1346.6151    1096.772286      10.08546
  45     9.467      249.9733        0.8817     1343.3235     1344.2053    1094.232001       7.37430
  44     13.65      250.1317        1.2554     1340.4052     1341.6607    1091.528998       5.44936
  43     19.56      250.3265        1.7763     1337.0607     1338.8370    1088.510505       4.30987
  42     27.95      250.5641        2.5060     1333.1025     1335.6085    1085.044374       3.48602
  41     39.56      250.7918        3.5137     1328.5761     1332.0897    1081.297886       2.72470
  40     55.97      250.9272        4.9080     1323.3904     1328.2985    1077.371299       2.01861
  39     77.74      250.7693        6.7484     1317.8539     1324.6022    1073.832931       1.37164
  38     99.38      250.3851        8.5624     1313.1243     1321.6867    1071.301630       0.98751
  37     120.7      249.9064       10.3232     1308.8091     1319.1323    1069.225824       0.82157
  36     141.5      249.3942       12.0123     1304.7917     1316.8040    1067.409799       0.73766
  35     162.8      248.8391       13.7242     1300.7976     1314.5218    1065.682695       0.68371
  34     184.3      248.2369       15.4319     1296.9042     1312.3361    1064.099191       0.62222
  33     206.3      247.5750       17.1580     1293.0368     1310.1948    1062.619781       0.56693
  32     228.8      246.8581       18.9010     1289.1133     1308.0144    1061.156327       0.54871
  31     251.9      246.0883       20.6688     1284.8995     1305.5683    1059.479943       0.61244
  30     275.3      245.2803       22.4418     1280.3989     1302.8407    1057.560386       0.69299
  29     298.8      244.4570       24.1832     1275.7703     1299.9535    1055.496546       0.73951
  28     322.5      243.6012       25.9369     1270.8469     1296.7838    1053.182602       0.82364
  27     346.4      242.7405       27.6532     1265.6961     1293.3493    1050.608851       0.91135
  26     370.2      241.8634       29.3628     1260.1312     1289.4939    1047.630494       1.05422
  25     394.2      240.9890       31.0359     1254.1693     1285.2052    1044.216228       1.20352
  24     418.0      240.1124       32.6870     1247.7578     1280.4447    1040.332327       1.37562
  23     441.8      239.2408       34.3080     1240.9333     1275.2413    1036.000530       1.53548
  22     465.7      238.3766       35.9011     1233.7030     1269.6040    1031.227390       1.68407
  21     490.0      237.4956       37.5117     1226.1183     1263.6301    1026.134439       1.77026
  20     514.3      236.6269       39.0882     1218.5341     1257.6223    1020.995399       1.78027
  19     538.8      235.7650       40.6444     1210.8390     1251.4834    1015.718420       1.81991
  18     563.4      234.9024       42.1974     1202.9770     1245.1744    1010.272029       1.86712
  17     588.1      234.0579       43.7177     1195.1099     1238.8276    1004.769693       1.88034
  16     612.9      233.2314       45.2123     1187.1997     1232.4120     999.180589       1.90513
  15     637.7      232.4182       46.7007     1179.1103     1225.8109     993.392712       1.97121
  14     662.5      231.6383       48.1571     1170.9762     1219.1333     987.494986       2.00313
  13     687.4      230.8976       49.5821     1162.8116     1212.3937     981.496136       2.03224
  12     712.2      230.1945       50.9854     1154.6567     1205.6422     975.447659       2.06080
  11     736.9      229.5267       52.3647     1146.6930     1199.0577     969.530953       2.01745
  10     761.7      228.8999       53.7179     1138.9162     1192.6341     963.734193       1.97273
   9     786.6      228.3198       55.0456     1131.2952     1186.3408     958.021022       1.94045
   8     812.0      227.7736       56.3902     1123.6071     1179.9973     952.223687       1.92609
   7     837.5      227.2812       57.7154     1116.0922     1173.8076     946.526416       1.88269
   6     863.1      226.8540       59.0152     1108.7611     1167.7764     940.922373       1.84747
   5     888.8      226.5033       60.2901     1101.5889     1161.8790     935.375700       1.82414
   4     914.5      226.2423       61.5508     1094.4984     1156.0491     929.806836       1.82681
   3     940.3      226.0960       62.7919     1087.5063     1150.2982     924.202224       1.83411
   2     966.1      226.0938       64.0083     1080.6285     1144.6368     918.543013       1.84797
   1     992.0      226.2774       65.2008     1073.8589     1139.0597     912.782278       1.87669
   0    1018.0      226.7124       66.3694     1067.1924     1133.5618     906.849462       1.92940

  Modules and versions used in this calculation:

       rrtmg_sw.1col.f90:  $Revision: 33222 $            rrtmg_sw_init.f90:  $Revision: 33222 $
     rrtmgsw_cldprop.f90:  $Revision: 33222 $          rrtmgsw_cldprmc.f90:  NOT USED          
     rrtmg_sw_reftra.f90:  $Revision: 33222 $          rrtmg_sw_spcvrt.f90:  NOT USED          
     rrtmg_sw_spcvmc.f90:  NOT USED                    rrtmgsw_setcoef.f90:  NOT USED          
     rrtmg_sw_taumol.f90:  $Revision: 33222 $          rrtmg_sw_vrtqdr.f90:  NOT USED          
                rrtatm.f:  NOT USED                             util_xxx.f:  NOT USED          
                 extra.f:  NOT USED                       rrtmg_sw_k_g.f90:  $Revision: 33222 $

