

 Wavenumbers:   820. - 50000. cm-1, ATM      1
 LEVEL PRESSURE   UPWARD FLUX   DIFDOWN FLUX  DIRDOWN FLUX  DOWNWARD FLUX   NET FLUX    HEATING RATE
          mb          W/m2          W/m2          W/m2        W/m2          W/m2       degree/day
  51    .06700      120.1484        0.0000      575.1197      575.1197     454.971310       0.00000
  50    .07753      120.1476        0.0011      575.1021      575.1032     454.955554      12.62873
  49    .09103      120.1467        0.0024      575.0854      575.0877     454.941032       9.07672
  48    0.1069      120.1456        0.0039      575.0658      575.0697     454.924060       9.03440
  47    0.1255      120.1444        0.0056      575.0419      575.0475     454.903033       9.53228
  46    0.1487      120.1429        0.0078      575.0089      575.0167     454.873789      10.65986
  45    0.1794      120.1409        0.0108      574.9604      574.9712     454.830248      11.95303
  44    0.2165      120.1386        0.0143      574.8981      574.9124     454.773876      12.82366
  43    0.2613      120.1358        0.0185      574.8180      574.8365     454.700665      13.80005
  42    0.3336      120.1314        0.0253      574.6742      574.6996     454.568119      15.45357
  41    0.4307      120.1257        0.0343      574.4710      574.5053     454.379555      16.39521
  40    0.5894      120.1168        0.0487      574.1169      574.1657     454.048886      17.58454
  39     1.339      120.0808        0.1131      572.3164      572.4295     452.348666      19.14138
  38     1.782      120.0637        0.1488      571.3885      571.5373     451.473616      16.65955
  37     2.292      120.0473        0.1892      570.4821      570.6714     450.624106      14.07010
  36     2.964      120.0307        0.2416      569.4911      569.7327     449.702072      11.57431
  35     3.853      120.0155        0.3101      568.3914      568.7015     448.685984       9.64287
  34     5.035      120.0019        0.4003      567.1755      567.5758     447.573818       7.94485
  33     6.613      119.9878        0.5196      565.8407      566.3603     446.372518       6.42215
  32     8.786      119.9668        0.6793      564.3673      565.0466     445.079817       5.02038
  31     11.80      119.9271        0.9060      562.6405      563.5465     443.619438       4.08860
  30     15.07      119.8731        1.1473      561.0752      562.2225     442.349422       3.27893
  29     18.79      119.8020        1.4180      559.5180      560.9359     441.133977       2.75579
  28     23.16      119.7073        1.7316      557.8930      559.6246     439.917242       2.35277
  27     28.12      119.5854        2.0875      556.2196      558.3071     438.721641       2.03244
  26     33.73      119.4284        2.4831      554.5555      557.0386     437.610201       1.67108
  25     40.54      119.2145        2.9579      552.7626      555.7205     436.506013       1.36987
  24     48.69      118.9335        3.5256      550.8074      554.3330     435.399507       1.14506
  23     57.69      118.6025        4.1438      548.8467      552.9905     434.388017       0.94812
  22     68.43      118.1841        4.8732      546.7016      551.5748     433.390732       0.78400
  21     81.20      117.6518        5.7341      544.3857      550.1198     432.467984       0.60974
  20     96.49      116.9867        6.7481      541.8512      548.5994     431.612715       0.47205
  19     114.6      116.1869        7.9333      538.9721      546.9054     430.718490       0.41754
  18     136.5      115.2319        9.3106      535.6924      545.0030     429.771044       0.36432
  17     162.9      114.0909       10.9126      531.8878      542.8004     428.709554       0.33930
  16     196.4      112.5985       12.9332      527.0135      539.9467     427.348171       0.34268
  15     218.7      111.6163       14.2259      523.5599      537.7858     426.169526       0.44749
  14     243.0      110.5504       15.6003      519.3574      534.9577     424.407300       0.61120
  13     269.0      109.3980       17.0545      514.1447      531.1992     421.801189       0.84541
  12     297.5      108.1570       18.5857      507.9438      526.5295     418.372545       1.01690
  11     328.5      106.8230       20.1944      501.2617      521.4561     414.633054       1.01676
  10     361.9      105.3954       21.8748      494.0363      515.9111     410.515657       1.04174
   9     398.1      103.8697       23.6250      486.1098      509.7348     405.865067       1.08348
   8     437.6      102.2453       25.4392      477.4144      502.8537     400.608353       1.12392
   7     480.5      100.5215       27.3101      468.1318      495.4419     394.920383       1.11710
   6     533.0       98.4272       29.5132      456.8031      486.3163     387.889062       1.13112
   5     589.8       96.2133       31.7673      444.5439      476.3112     380.097902       1.15646
   4     651.6       93.9108       34.0521      430.8279      464.8800     370.969243       1.24837
   3     718.7       91.5556       36.3533      416.1154      452.4687     360.913099       1.26378
   2     792.3       89.2436       38.6389      400.2034      438.8423     349.598712       1.29763
   1     891.5       86.6538       41.4405      378.7828      420.2232     333.569399       1.36402
   0    1013.0       84.8966       44.4067      354.6559      399.0626     314.165990       1.34728



 Wavenumbers:  2600. -  3250. cm-1, ATM      1
 LEVEL PRESSURE   UPWARD FLUX   DIFDOWN FLUX  DIRDOWN FLUX  DOWNWARD FLUX   NET FLUX    HEATING RATE
          mb          W/m2          W/m2          W/m2        W/m2          W/m2       degree/day
  51    .06700        0.1670        0.0000        5.0688        5.0688       4.901774       0.00000
  50    .07753        0.1670        0.0000        5.0688        5.0688       4.901766       0.00640
  49    .09103        0.1670        0.0000        5.0687        5.0687       4.901756       0.00627
  48    0.1069        0.1670        0.0000        5.0687        5.0687       4.901744       0.00613
  47    0.1255        0.1670        0.0000        5.0687        5.0687       4.901731       0.00599
  46    0.1487        0.1670        0.0000        5.0687        5.0687       4.901714       0.00608
  45    0.1794        0.1670        0.0000        5.0687        5.0687       4.901692       0.00625
  44    0.2165        0.1670        0.0000        5.0687        5.0687       4.901665       0.00612
  43    0.2613        0.1670        0.0000        5.0686        5.0686       4.901633       0.00600
  42    0.3336        0.1670        0.0000        5.0686        5.0686       4.901580       0.00617
  41    0.4307        0.1670        0.0000        5.0685        5.0685       4.901509       0.00620
  40    0.5894        0.1670        0.0000        5.0684        5.0684       4.901389       0.00636
  39     1.339        0.1670        0.0000        5.0677        5.0677       4.900683       0.00795
  38     1.782        0.1670        0.0000        5.0671        5.0671       4.900141       0.01031
  37     2.292        0.1670        0.0000        5.0664        5.0664       4.899429       0.01181
  36     2.964        0.1670        0.0000        5.0654        5.0654       4.898397       0.01295
  35     3.853        0.1670        0.0000        5.0639        5.0639       4.896935       0.01387
  34     5.035        0.1670        0.0000        5.0619        5.0619       4.894906       0.01450
  33     6.613        0.1670        0.0000        5.0592        5.0592       4.892180       0.01457
  32     8.786        0.1670        0.0000        5.0556        5.0556       4.888644       0.01373
  31     11.80        0.1670        0.0000        5.0510        5.0510       4.884044       0.01288
  30     15.07        0.1670        0.0000        5.0467        5.0467       4.879742       0.01111
  29     18.79        0.1670        0.0000        5.0426        5.0426       4.875577       0.00944
  28     23.16        0.1670        0.0000        5.0383        5.0383       4.871344       0.00819
  27     28.12        0.1670        0.0000        5.0339        5.0339       4.866922       0.00752
  26     33.73        0.1670        0.0000        5.0288        5.0288       4.861864       0.00760
  25     40.54        0.1670        0.0000        5.0220        5.0220       4.855070       0.00843
  24     48.69        0.1670        0.0000        5.0127        5.0127       4.845712       0.00968
  23     57.69        0.1670        0.0000        5.0010        5.0010       4.834047       0.01093
  22     68.43        0.1670        0.0000        4.9857        4.9857       4.818739       0.01203
  21     81.20        0.1670        0.0000        4.9662        4.9662       4.799220       0.01290
  20     96.49        0.1670        0.0000        4.9421        4.9422       4.775203       0.01326
  19     114.6        0.1670        0.0000        4.9128        4.9129       4.745879       0.01369
  18     136.5        0.1670        0.0001        4.8791        4.8792       4.712190       0.01295
  17     162.9        0.1670        0.0001        4.8415        4.8416       4.674604       0.01201
  16     196.4        0.1670        0.0001        4.7971        4.7972       4.630152       0.01119
  15     218.7        0.1670        0.0001        4.7680        4.7681       4.601079       0.01104
  14     243.0        0.1671        0.0001        4.7334        4.7335       4.566381       0.01203
  13     269.0        0.1672        0.0001        4.6909        4.6910       4.523850       0.01380
  12     297.5        0.1673        0.0001        4.6383        4.6384       4.471117       0.01564
  11     328.5        0.1675        0.0001        4.5756        4.5758       4.408304       0.01708
  10     361.9        0.1677        0.0001        4.4985        4.4986       4.330887       0.01959
   9     398.1        0.1680        0.0001        4.4002        4.4004       4.232364       0.02295
   8     437.6        0.1684        0.0001        4.2746        4.2748       4.106347       0.02694
   7     480.5        0.1690        0.0002        4.1202        4.1204       3.951375       0.03044
   6     533.0        0.1700        0.0002        3.9129        3.9131       3.743138       0.03350
   5     589.8        0.1713        0.0002        3.6753        3.6755       3.504142       0.03547
   4     651.6        0.1735        0.0002        3.4056        3.4058       3.232225       0.03719
   3     718.7        0.1769        0.0002        3.1159        3.1160       2.939098       0.03684
   2     792.3        0.1825        0.0002        2.7889        2.7890       2.606549       0.03814
   1     891.5        0.1950        0.0002        2.3446        2.3447       2.149699       0.03888
   0    1013.0        0.2241        0.0002        1.8830        1.8831       1.659051       0.03407



 Wavenumbers:  3250. -  4000. cm-1, ATM      1
 LEVEL PRESSURE   UPWARD FLUX   DIFDOWN FLUX  DIRDOWN FLUX  DOWNWARD FLUX   NET FLUX    HEATING RATE
          mb          W/m2          W/m2          W/m2        W/m2          W/m2       degree/day
  51    .06700        0.0005        0.0000        8.5452        8.5452       8.544721       0.00000
  50    .07753        0.0005        0.0000        8.5404        8.5404       8.539971       3.80675
  49    .09103        0.0005        0.0000        8.5372        8.5372       8.536747       2.01524
  48    0.1069        0.0005        0.0000        8.5348        8.5348       8.534348       1.27708
  47    0.1255        0.0005        0.0000        8.5327        8.5327       8.532179       0.98338
  46    0.1487        0.0005        0.0000        8.5303        8.5303       8.529828       0.85671
  45    0.1794        0.0005        0.0000        8.5275        8.5275       8.527068       0.75774
  44    0.2165        0.0005        0.0000        8.5248        8.5248       8.524285       0.63321
  43    0.2613        0.0005        0.0000        8.5219        8.5219       8.521458       0.53291
  42    0.3336        0.0005        0.0000        8.5179        8.5179       8.517463       0.46573
  41    0.4307        0.0005        0.0000        8.5133        8.5133       8.512873       0.39905
  40    0.5894        0.0005        0.0000        8.5065        8.5065       8.506056       0.36253
  39     1.339        0.0005        0.0000        8.4809        8.4809       8.480385       0.28901
  38     1.782        0.0005        0.0000        8.4698        8.4698       8.469349       0.21011
  37     2.292        0.0005        0.0000        8.4593        8.4593       8.458830       0.17423
  36     2.964        0.0005        0.0000        8.4474        8.4474       8.446955       0.14906
  35     3.853        0.0005        0.0000        8.4332        8.4332       8.432711       0.13518
  34     5.035        0.0005        0.0000        8.4150        8.4150       8.414505       0.13005
  33     6.613        0.0005        0.0000        8.3905        8.3906       8.390094       0.13050
  32     8.786        0.0005        0.0000        8.3566        8.3566       8.356139       0.13187
  31     11.80        0.0005        0.0000        8.3063        8.3063       8.305872       0.14073
  30     15.07        0.0005        0.0000        8.2510        8.2510       8.250576       0.14276
  29     18.79        0.0004        0.0000        8.1883        8.1883       8.187862       0.14219
  28     23.16        0.0004        0.0000        8.1167        8.1167       8.116291       0.13840
  27     28.12        0.0004        0.0000        8.0394        8.0395       8.039030       0.13134
  26     33.73        0.0004        0.0000        7.9605        7.9606       7.960151       0.11860
  25     40.54        0.0004        0.0001        7.8751        7.8752       7.874745       0.10596
  24     48.69        0.0004        0.0001        7.7833        7.7833       7.782922       0.09502
  23     57.69        0.0004        0.0001        7.6901        7.6902       7.689825       0.08726
  22     68.43        0.0004        0.0001        7.5836        7.5837       7.583315       0.08373
  21     81.20        0.0004        0.0001        7.4590        7.4591       7.458740       0.08232
  20     96.49        0.0004        0.0001        7.3144        7.3145       7.314173       0.07979
  19     114.6        0.0003        0.0001        7.1439        7.1441       7.143740       0.07958
  18     136.5        0.0003        0.0002        6.9571        6.9573       6.956983       0.07181
  17     162.9        0.0003        0.0002        6.7417        6.7419       6.741596       0.06885
  16     196.4        0.0002        0.0002        6.4345        6.4347       6.434442       0.07731
  15     218.7        0.0002        0.0002        6.1512        6.1514       6.151181       0.10754
  14     243.0        0.0002        0.0002        5.7746        5.7748       5.774652       0.13059
  13     269.0        0.0002        0.0003        5.3034        5.3036       5.303455       0.15285
  12     297.5        0.0001        0.0003        4.7520        4.7523       4.752110       0.16352
  11     328.5        0.0001        0.0002        4.1898        4.1901       4.189954       0.15285
  10     361.9        0.0001        0.0002        3.6523        3.6526       3.652464       0.13599
   9     398.1        0.0001        0.0002        3.1584        3.1586       3.158526       0.11508
   8     437.6        0.0001        0.0002        2.7049        2.7052       2.705081       0.09695
   7     480.5        0.0001        0.0002        2.2951        2.2953       2.295259       0.08049
   6     533.0        0.0000        0.0002        1.8615        1.8617       1.861601       0.06976
   5     589.8        0.0000        0.0002        1.4486        1.4487       1.448689       0.06129
   4     651.6        0.0000        0.0001        1.0246        1.0247       1.024695       0.05798
   3     718.7        0.0000        0.0001        0.6441        0.6442       0.644119       0.04783
   2     792.3        0.0000        0.0001        0.3370        0.3371       0.337060       0.03522
   1     891.5        0.0001        0.0000        0.0883        0.0883       0.088161       0.02118
   0    1013.0        0.0012        0.0000        0.0060        0.0060       0.004798       0.00579



 Wavenumbers:  4000. -  4650. cm-1, ATM      1
 LEVEL PRESSURE   UPWARD FLUX   DIFDOWN FLUX  DIRDOWN FLUX  DOWNWARD FLUX   NET FLUX    HEATING RATE
          mb          W/m2          W/m2          W/m2        W/m2          W/m2       degree/day
  51    .06700        1.5027        0.0000       10.0346       10.0346       8.531895       0.00000
  50    .07753        1.5027        0.0000       10.0346       10.0346       8.531894       0.00080
  49    .09103        1.5027        0.0000       10.0346       10.0346       8.531893       0.00078
  48    0.1069        1.5027        0.0000       10.0346       10.0346       8.531891       0.00076
  47    0.1255        1.5027        0.0000       10.0346       10.0346       8.531890       0.00075
  46    0.1487        1.5027        0.0000       10.0346       10.0346       8.531887       0.00076
  45    0.1794        1.5027        0.0000       10.0346       10.0346       8.531885       0.00078
  44    0.2165        1.5027        0.0000       10.0346       10.0346       8.531881       0.00076
  43    0.2613        1.5027        0.0000       10.0346       10.0346       8.531877       0.00075
  42    0.3336        1.5027        0.0000       10.0346       10.0346       8.531871       0.00077
  41    0.4307        1.5027        0.0000       10.0346       10.0346       8.531862       0.00077
  40    0.5894        1.5027        0.0000       10.0346       10.0346       8.531847       0.00080
  39     1.339        1.5027        0.0000       10.0345       10.0345       8.531758       0.00101
  38     1.782        1.5027        0.0000       10.0344       10.0344       8.531688       0.00133
  37     2.292        1.5027        0.0000       10.0343       10.0343       8.531594       0.00156
  36     2.964        1.5027        0.0000       10.0342       10.0342       8.531454       0.00176
  35     3.853        1.5027        0.0000       10.0340       10.0340       8.531246       0.00197
  34     5.035        1.5027        0.0000       10.0336       10.0337       8.530939       0.00219
  33     6.613        1.5027        0.0000       10.0332       10.0332       8.530488       0.00241
  32     8.786        1.5027        0.0000       10.0325       10.0325       8.529822       0.00259
  31     11.80        1.5027        0.0000       10.0314       10.0315       8.528777       0.00293
  30     15.07        1.5027        0.0001       10.0302       10.0303       8.527551       0.00316
  29     18.79        1.5027        0.0001       10.0287       10.0288       8.526071       0.00336
  28     23.16        1.5027        0.0001       10.0268       10.0269       8.524234       0.00355
  27     28.12        1.5027        0.0001       10.0246       10.0247       8.522013       0.00378
  26     33.73        1.5027        0.0001       10.0218       10.0219       8.519277       0.00411
  25     40.54        1.5026        0.0002       10.0181       10.0182       8.515571       0.00460
  24     48.69        1.5026        0.0002       10.0131       10.0133       8.510642       0.00510
  23     57.69        1.5026        0.0002       10.0072       10.0074       8.504810       0.00547
  22     68.43        1.5026        0.0003        9.9998       10.0001       8.497517       0.00573
  21     81.20        1.5026        0.0003        9.9908        9.9911       8.488547       0.00593
  20     96.49        1.5026        0.0004        9.9799        9.9802       8.477663       0.00601
  19     114.6        1.5026        0.0004        9.9662        9.9667       8.464103       0.00633
  18     136.5        1.5026        0.0005        9.9499        9.9504       8.447806       0.00627
  17     162.9        1.5027        0.0006        9.9299        9.9305       8.427894       0.00636
  16     196.4        1.5028        0.0007        9.9026        9.9033       8.400557       0.00688
  15     218.7        1.5029        0.0008        9.8820        9.8828       8.379877       0.00785
  14     243.0        1.5032        0.0009        9.8550        9.8560       8.352792       0.00939
  13     269.0        1.5036        0.0010        9.8189        9.8199       8.316349       0.01182
  12     297.5        1.5042        0.0011        9.7708        9.7720       8.267749       0.01441
  11     328.5        1.5051        0.0012        9.7101        9.7113       8.206213       0.01673
  10     361.9        1.5063        0.0013        9.6320        9.6333       8.127029       0.02003
   9     398.1        1.5078        0.0015        9.5323        9.5337       8.025901       0.02356
   8     437.6        1.5097        0.0016        9.4079        9.4095       7.899788       0.02696
   7     480.5        1.5121        0.0017        9.2632        9.2649       7.752845       0.02886
   6     533.0        1.5156        0.0019        9.0791        9.0810       7.565389       0.03016
   5     589.8        1.5205        0.0020        8.8709        8.8730       7.352470       0.03160
   4     651.6        1.5280        0.0022        8.6012        8.6034       7.075398       0.03789
   3     718.7        1.5397        0.0023        8.2450        8.2474       6.707705       0.04621
   2     792.3        1.5589        0.0025        7.7954        7.7979       6.239041       0.05375
   1     891.5        1.6029        0.0026        7.1774        7.1800       5.577080       0.05633
   0    1013.0        1.7044        0.0027        6.5028        6.5055       4.801081       0.05388



 Wavenumbers:  4650. -  5150. cm-1, ATM      1
 LEVEL PRESSURE   UPWARD FLUX   DIFDOWN FLUX  DIRDOWN FLUX  DOWNWARD FLUX   NET FLUX    HEATING RATE
          mb          W/m2          W/m2          W/m2        W/m2          W/m2       degree/day
  51    .06700        1.0998        0.0000        9.4983        9.4983       8.398432       0.00000
  50    .07753        1.0998        0.0000        9.4980        9.4980       8.398197       0.18898
  49    .09103        1.0998        0.0000        9.4977        9.4977       8.397902       0.18418
  48    0.1069        1.0998        0.0000        9.4974        9.4974       8.397565       0.17913
  47    0.1255        1.0998        0.0000        9.4970        9.4970       8.397182       0.17399
  46    0.1487        1.0998        0.0000        9.4965        9.4965       8.396702       0.17498
  45    0.1794        1.0998        0.0000        9.4959        9.4959       8.396053       0.17798
  44    0.2165        1.0998        0.0000        9.4951        9.4951       8.395297       0.17209
  43    0.2613        1.0998        0.0000        9.4942        9.4942       8.394416       0.16605
  42    0.3336        1.0998        0.0000        9.4928        9.4928       8.392993       0.16589
  41    0.4307        1.0998        0.0000        9.4910        9.4910       8.391169       0.15857
  40    0.5894        1.0998        0.0000        9.4882        9.4882       8.388334       0.15077
  39     1.339        1.0998        0.0000        9.4768        9.4768       8.377012       0.12746
  38     1.782        1.0998        0.0000        9.4715        9.4715       8.371688       0.10137
  37     2.292        1.0998        0.0000        9.4663        9.4663       8.366485       0.08617
  36     2.964        1.0998        0.0000        9.4607        9.4607       8.360901       0.07010
  35     3.853        1.0998        0.0000        9.4549        9.4549       8.355102       0.05503
  34     5.035        1.0998        0.0000        9.4490        9.4490       8.349229       0.04196
  33     6.613        1.0998        0.0000        9.4430        9.4430       8.343226       0.03209
  32     8.786        1.0998        0.0001        9.4363        9.4364       8.336590       0.02577
  31     11.80        1.0998        0.0001        9.4275        9.4276       8.327813       0.02457
  30     15.07        1.0998        0.0001        9.4177        9.4178       8.318066       0.02517
  29     18.79        1.0998        0.0001        9.4058        9.4059       8.306157       0.02700
  28     23.16        1.0997        0.0001        9.3906        9.3907       8.290973       0.02936
  27     28.12        1.0997        0.0002        9.3716        9.3718       8.272056       0.03216
  26     33.73        1.0997        0.0002        9.3488        9.3489       8.249229       0.03432
  25     40.54        1.0997        0.0002        9.3192        9.3195       8.219760       0.03656
  24     48.69        1.0997        0.0003        9.2818        9.2821       8.182341       0.03872
  23     57.69        1.0997        0.0003        9.2392        9.2395       8.139834       0.03984
  22     68.43        1.0997        0.0004        9.1880        9.1883       8.088624       0.04026
  21     81.20        1.0998        0.0005        9.1276        9.1281       8.028355       0.03982
  20     96.49        1.0998        0.0005        9.0589        9.0594       7.959620       0.03794
  19     114.6        1.0999        0.0006        8.9829        8.9835       7.883667       0.03546
  18     136.5        1.1000        0.0008        8.9015        8.9023       7.802278       0.03130
  17     162.9        1.1002        0.0009        8.8153        8.8162       7.715953       0.02759
  16     196.4        1.1005        0.0011        8.7156        8.7167       7.616146       0.02512
  15     218.7        1.1008        0.0012        8.6536        8.6548       7.553943       0.02362
  14     243.0        1.1012        0.0013        8.5857        8.5870       7.485785       0.02364
  13     269.0        1.1018        0.0014        8.5082        8.5096       7.407846       0.02528
  12     297.5        1.1027        0.0016        8.4156        8.4171       7.314468       0.02770
  11     328.5        1.1038        0.0017        8.3071        8.3088       7.205043       0.02975
  10     361.9        1.1053        0.0019        8.1802        8.1821       7.076772       0.03245
   9     398.1        1.1073        0.0020        8.0314        8.0334       6.926079       0.03511
   8     437.6        1.1099        0.0022        7.8572        7.8594       6.749460       0.03776
   7     480.5        1.1133        0.0023        7.6561        7.6585       6.545175       0.04012
   6     533.0        1.1185        0.0025        7.3927        7.3952       6.276767       0.04318
   5     589.8        1.1256        0.0027        7.0925        7.0952       5.969612       0.04559
   4     651.6        1.1361        0.0028        6.7470        6.7499       5.613828       0.04865
   3     718.7        1.1515        0.0030        6.3688        6.3718       5.220306       0.04945
   2     792.3        1.1749        0.0031        5.9643        5.9674       4.792503       0.04906
   1     891.5        1.2235        0.0032        5.4295        5.4328       4.209238       0.04963
   0    1013.0        1.3213        0.0033        4.8365        4.8398       3.518565       0.04796



 Wavenumbers:  5150. -  6150. cm-1, ATM      1
 LEVEL PRESSURE   UPWARD FLUX   DIFDOWN FLUX  DIRDOWN FLUX  DOWNWARD FLUX   NET FLUX    HEATING RATE
          mb          W/m2          W/m2          W/m2        W/m2          W/m2       degree/day
  51    .06700        3.5580        0.0000       23.8122       23.8122      20.254183       0.00000
  50    .07753        3.5580        0.0000       23.8121       23.8121      20.254144       0.03157
  49    .09103        3.5580        0.0000       23.8121       23.8121      20.254093       0.03205
  48    0.1069        3.5580        0.0000       23.8120       23.8120      20.254032       0.03256
  47    0.1255        3.5580        0.0000       23.8119       23.8119      20.253959       0.03306
  46    0.1487        3.5580        0.0000       23.8118       23.8118      20.253863       0.03483
  45    0.1794        3.5580        0.0000       23.8117       23.8117      20.253728       0.03708
  44    0.2165        3.5580        0.0000       23.8115       23.8115      20.253563       0.03764
  43    0.2613        3.5580        0.0000       23.8113       23.8113      20.253360       0.03821
  42    0.3336        3.5580        0.0000       23.8110       23.8110      20.253014       0.04037
  41    0.4307        3.5580        0.0000       23.8105       23.8105      20.252543       0.04091
  40    0.5894        3.5580        0.0000       23.8097       23.8097      20.251755       0.04191
  39     1.339        3.5580        0.0000       23.8059       23.8059      20.247961       0.04271
  38     1.782        3.5580        0.0000       23.8037       23.8037      20.245755       0.04200
  37     2.292        3.5579        0.0001       23.8011       23.8012      20.243260       0.04132
  36     2.964        3.5579        0.0001       23.7979       23.7980      20.240093       0.03975
  35     3.853        3.5579        0.0001       23.7939       23.7940      20.236074       0.03815
  34     5.035        3.5579        0.0001       23.7887       23.7888      20.230905       0.03692
  33     6.613        3.5579        0.0002       23.7819       23.7821      20.224213       0.03578
  32     8.786        3.5578        0.0002       23.7732       23.7734      20.215562       0.03360
  31     11.80        3.5578        0.0003       23.7614       23.7617      20.203902       0.03265
  30     15.07        3.5577        0.0004       23.7496       23.7500      20.192253       0.03007
  29     18.79        3.5577        0.0005       23.7373       23.7378      20.180142       0.02746
  28     23.16        3.5576        0.0006       23.7241       23.7248      20.167123       0.02518
  27     28.12        3.5576        0.0008       23.7103       23.7110      20.153473       0.02320
  26     33.73        3.5575        0.0009       23.6963       23.6972      20.139694       0.02072
  25     40.54        3.5574        0.0011       23.6810       23.6821      20.124702       0.01860
  24     48.69        3.5574        0.0013       23.6648       23.6661      20.108723       0.01654
  23     57.69        3.5573        0.0016       23.6487       23.6502      20.092959       0.01478
  22     68.43        3.5572        0.0018       23.6313       23.6331      20.075921       0.01339
  21     81.20        3.5571        0.0022       23.6122       23.6144      20.057231       0.01235
  20     96.49        3.5570        0.0026       23.5907       23.5933      20.036252       0.01158
  19     114.6        3.5570        0.0031       23.5661       23.5692      20.012270       0.01120
  18     136.5        3.5568        0.0037       23.5375       23.5412      19.984349       0.01074
  17     162.9        3.5567        0.0044       23.4955       23.4998      19.943062       0.01320
  16     196.4        3.5566        0.0052       23.4064       23.4117      19.855035       0.02216
  15     218.7        3.5566        0.0058       23.2667       23.2725      19.715929       0.05281
  14     243.0        3.5566        0.0064       22.9655       22.9719      19.415345       0.10425
  13     269.0        3.5566        0.0069       22.4367       22.4436      18.886969       0.17140
  12     297.5        3.5568        0.0075       21.7652       21.7726      18.215815       0.19906
  11     328.5        3.5571        0.0080       21.0791       21.0871      17.529995       0.18647
  10     361.9        3.5576        0.0086       20.2975       20.3061      16.748518       0.19772
   9     398.1        3.5583        0.0091       19.4137       19.4228      15.864470       0.20596
   8     437.6        3.5593        0.0095       18.4594       18.4689      14.909573       0.20416
   7     480.5        3.5608        0.0100       17.4883       17.4983      13.937535       0.19090
   6     533.0        3.5632        0.0105       16.4005       16.4110      12.847735       0.17531
   5     589.8        3.5672        0.0110       15.3815       15.3925      11.825294       0.15176
   4     651.6        3.5741        0.0114       14.4343       14.4458      10.871680       0.13041
   3     718.7        3.5861        0.0120       13.6524       13.6644      10.078280       0.09971
   2     792.3        3.6079        0.0126       12.9649       12.9776       9.369626       0.08127
   1     891.5        3.6629        0.0134       12.0705       12.0839       8.421015       0.08072
   0    1013.0        3.8134        0.0142       11.1035       11.1176       7.304294       0.07754



 Wavenumbers:  6150. -  7700. cm-1, ATM      1
 LEVEL PRESSURE   UPWARD FLUX   DIFDOWN FLUX  DIRDOWN FLUX  DOWNWARD FLUX   NET FLUX    HEATING RATE
          mb          W/m2          W/m2          W/m2        W/m2          W/m2       degree/day
  51    .06700        5.2013        0.0000       44.0415       44.0415      38.840257       0.00000
  50    .07753        5.2013        0.0000       44.0415       44.0415      38.840200       0.04553
  49    .09103        5.2013        0.0000       44.0414       44.0414      38.840127       0.04583
  48    0.1069        5.2013        0.0000       44.0413       44.0413      38.840040       0.04614
  47    0.1255        5.2013        0.0000       44.0412       44.0412      38.839938       0.04644
  46    0.1487        5.2013        0.0000       44.0411       44.0411      38.839804       0.04852
  45    0.1794        5.2013        0.0000       44.0409       44.0409      38.839618       0.05126
  44    0.2165        5.2013        0.0000       44.0406       44.0406      38.839391       0.05167
  43    0.2613        5.2012        0.0000       44.0403       44.0404      38.839114       0.05209
  42    0.3336        5.2012        0.0000       44.0399       44.0399      38.838645       0.05470
  41    0.4307        5.2012        0.0000       44.0392       44.0392      38.838010       0.05520
  40    0.5894        5.2012        0.0001       44.0381       44.0382      38.836951       0.05631
  39     1.339        5.2011        0.0001       44.0329       44.0330      38.831863       0.05729
  38     1.782        5.2011        0.0002       44.0298       44.0300      38.828896       0.05648
  37     2.292        5.2011        0.0003       44.0263       44.0266      38.825526       0.05582
  36     2.964        5.2010        0.0003       44.0219       44.0222      38.821217       0.05409
  35     3.853        5.2009        0.0004       44.0162       44.0166      38.815698       0.05238
  34     5.035        5.2008        0.0006       44.0088       44.0093      38.808543       0.05111
  33     6.613        5.2006        0.0007       43.9991       43.9998      38.799199       0.04995
  32     8.786        5.2004        0.0010       43.9864       43.9874      38.786974       0.04748
  31     11.80        5.2001        0.0013       43.9690       43.9703      38.770203       0.04695
  30     15.07        5.1998        0.0017       43.9512       43.9529      38.753090       0.04418
  29     18.79        5.1995        0.0021       43.9322       43.9343      38.734838       0.04138
  28     23.16        5.1990        0.0026       43.9112       43.9138      38.714748       0.03885
  27     28.12        5.1986        0.0032       43.8885       43.8917      38.693134       0.03674
  26     33.73        5.1980        0.0038       43.8649       43.8687      38.670670       0.03378
  25     40.54        5.1974        0.0045       43.8384       43.8430      38.645590       0.03112
  24     48.69        5.1966        0.0055       43.8092       43.8147      38.618053       0.02850
  23     57.69        5.1957        0.0065       43.7795       43.7859      38.590184       0.02612
  22     68.43        5.1947        0.0077       43.7465       43.7542      38.559456       0.02416
  21     81.20        5.1935        0.0091       43.7096       43.7187      38.525181       0.02265
  20     96.49        5.1920        0.0108       43.6675       43.6783      38.486278       0.02147
  19     114.6        5.1903        0.0128       43.6188       43.6316      38.441333       0.02099
  18     136.5        5.1883        0.0152       43.5619       43.5771      38.388857       0.02018
  17     162.9        5.1858        0.0181       43.4811       43.4992      38.313356       0.02413
  16     196.4        5.1827        0.0217       43.3217       43.3434      38.160728       0.03842
  15     218.7        5.1807        0.0241       43.1073       43.1313      37.950693       0.07974
  14     243.0        5.1785        0.0265       42.7020       42.7285      37.549988       0.13898
  13     269.0        5.1764        0.0290       41.9604       41.9894      36.812999       0.23908
  12     297.5        5.1743        0.0313       40.8435       40.8749      35.700542       0.32994
  11     328.5        5.1724        0.0337       39.6193       39.6530      34.480605       0.33170
  10     361.9        5.1707        0.0361       38.3124       38.3485      33.177811       0.32962
   9     398.1        5.1694        0.0383       36.8199       36.8582      31.688757       0.34692
   8     437.6        5.1689        0.0404       35.1072       35.1476      29.978623       0.36564
   7     480.5        5.1695        0.0423       33.2860       33.3283      28.158786       0.35741
   6     533.0        5.1724        0.0442       31.1369       31.1812      26.008799       0.34586
   5     589.8        5.1793        0.0459       28.9232       28.9691      23.789783       0.32937
   4     651.6        5.1949        0.0470       26.5745       26.6215      21.426613       0.32317
   3     718.7        5.2250        0.0479       24.2811       24.3290      19.103962       0.29189
   2     792.3        5.2829        0.0485       22.0533       22.1018      16.818899       0.26207
   1     891.5        5.4311        0.0491       19.4911       19.5402      14.109017       0.23060
   0    1013.0        5.8218        0.0497       17.0732       17.1229      11.301122       0.19497



 Wavenumbers:  7700. -  8050. cm-1, ATM      1
 LEVEL PRESSURE   UPWARD FLUX   DIFDOWN FLUX  DIRDOWN FLUX  DOWNWARD FLUX   NET FLUX    HEATING RATE
          mb          W/m2          W/m2          W/m2        W/m2          W/m2       degree/day
  51    .06700        3.0545        0.0000       10.4083       10.4083       7.353849       0.00000
  50    .07753        3.0545        0.0000       10.4083       10.4083       7.353829       0.01581
  49    .09103        3.0545        0.0000       10.4083       10.4083       7.353805       0.01550
  48    0.1069        3.0545        0.0000       10.4083       10.4083       7.353776       0.01517
  47    0.1255        3.0545        0.0000       10.4082       10.4082       7.353743       0.01485
  46    0.1487        3.0545        0.0000       10.4082       10.4082       7.353702       0.01506
  45    0.1794        3.0545        0.0000       10.4081       10.4081       7.353646       0.01550
  44    0.2165        3.0545        0.0000       10.4081       10.4081       7.353579       0.01521
  43    0.2613        3.0545        0.0000       10.4080       10.4080       7.353500       0.01492
  42    0.3336        3.0545        0.0000       10.4079       10.4079       7.353369       0.01527
  41    0.4307        3.0545        0.0000       10.4077       10.4077       7.353195       0.01510
  40    0.5894        3.0546        0.0000       10.4074       10.4075       7.352911       0.01508
  39     1.339        3.0547        0.0001       10.4062       10.4062       7.351570       0.01511
  38     1.782        3.0547        0.0001       10.4054       10.4055       7.350782       0.01500
  37     2.292        3.0548        0.0001       10.4046       10.4047       7.349869       0.01511
  36     2.964        3.0549        0.0001       10.4034       10.4036       7.348672       0.01503
  35     3.853        3.0550        0.0002       10.4019       10.4021       7.347090       0.01501
  34     5.035        3.0552        0.0002       10.4000       10.4002       7.344990       0.01501
  33     6.613        3.0554        0.0003       10.3973       10.3976       7.342185       0.01500
  32     8.786        3.0558        0.0004       10.3938       10.3942       7.338407       0.01467
  31     11.80        3.0562        0.0006       10.3887       10.3892       7.333009       0.01511
  30     15.07        3.0567        0.0007       10.3832       10.3839       7.327222       0.01494
  29     18.79        3.0573        0.0009       10.3771       10.3780       7.320695       0.01480
  28     23.16        3.0579        0.0011       10.3699       10.3710       7.313086       0.01471
  27     28.12        3.0587        0.0013       10.3617       10.3631       7.304406       0.01476
  26     33.73        3.0595        0.0016       10.3526       10.3542       7.294720       0.01456
  25     40.54        3.0605        0.0019       10.3416       10.3436       7.283057       0.01447
  24     48.69        3.0618        0.0023       10.3285       10.3308       7.269055       0.01449
  23     57.69        3.0631        0.0028       10.3141       10.3169       7.253751       0.01435
  22     68.43        3.0648        0.0033       10.2971       10.3004       7.235626       0.01425
  21     81.20        3.0667        0.0039       10.2770       10.2809       7.214180       0.01417
  20     96.49        3.0691        0.0046       10.2533       10.2579       7.188833       0.01399
  19     114.6        3.0719        0.0054       10.2255       10.2310       7.159024       0.01392
  18     136.5        3.0753        0.0064       10.1930       10.1994       7.124086       0.01343
  17     162.9        3.0795        0.0076       10.1548       10.1625       7.083013       0.01313
  16     196.4        3.0849        0.0092       10.1063       10.1155       7.030563       0.01320
  15     218.7        3.0886        0.0102       10.0749       10.0851       6.996563       0.01291
  14     243.0        3.0926        0.0113       10.0412       10.0525       6.959948       0.01270
  13     269.0        3.0970        0.0125       10.0051       10.0176       6.920593       0.01277
  12     297.5        3.1020        0.0138        9.9665        9.9803       6.878326       0.01254
  11     328.5        3.1074        0.0152        9.9251        9.9403       6.832900       0.01235
  10     361.9        3.1135        0.0167        9.8810        9.8976       6.784146       0.01234
   9     398.1        3.1203        0.0183        9.8337        9.8519       6.731665       0.01223
   8     437.6        3.1279        0.0200        9.7829        9.8029       6.674961       0.01212
   7     480.5        3.1365        0.0218        9.7283        9.7501       6.613572       0.01206
   6     533.0        3.1478        0.0241        9.6603        9.6844       6.536660       0.01237
   5     589.8        3.1610        0.0265        9.5855        9.6119       6.450983       0.01272
   4     651.6        3.1769        0.0291        9.5007        9.5298       6.352860       0.01342
   3     718.7        3.1966        0.0318        9.4032        9.4350       6.238479       0.01437
   2     792.3        3.2217        0.0347        9.2880        9.3227       6.101072       0.01576
   1     891.5        3.2641        0.0385        9.1111        9.1495       5.885423       0.01835
   0    1013.0        3.3315        0.0428        8.8650        8.9078       5.576290       0.02146



 Wavenumbers:  8050. - 12850. cm-1, ATM      1
 LEVEL PRESSURE   UPWARD FLUX   DIFDOWN FLUX  DIRDOWN FLUX  DOWNWARD FLUX   NET FLUX    HEATING RATE
          mb          W/m2          W/m2          W/m2        W/m2          W/m2       degree/day
  51    .06700       35.0387        0.0000      145.7242      145.7242     110.685452       0.00000
  50    .07753       35.0387        0.0000      145.7242      145.7242     110.685452       0.00000
  49    .09103       35.0387        0.0001      145.7241      145.7242     110.685452       0.00000
  48    0.1069       35.0387        0.0001      145.7240      145.7241     110.685452       0.00000
  47    0.1255       35.0387        0.0001      145.7240      145.7241     110.685452       0.00000
  46    0.1487       35.0386        0.0002      145.7239      145.7241     110.685452      -0.00000
  45    0.1794       35.0386        0.0003      145.7238      145.7240     110.685452       0.00000
  44    0.2165       35.0385        0.0003      145.7236      145.7240     110.685452      -0.00000
  43    0.2613       35.0384        0.0004      145.7234      145.7239     110.685452       0.00000
  42    0.3336       35.0383        0.0006      145.7231      145.7238     110.685452       0.00000
  41    0.4307       35.0381        0.0008      145.7228      145.7236     110.685452      -0.00000
  40    0.5894       35.0379        0.0012      145.7221      145.7233     110.685452       0.00000
  39     1.339       35.0367        0.0029      145.7192      145.7221     110.685452       0.00000
  38     1.782       35.0359        0.0039      145.7174      145.7214     110.685452       0.00000
  37     2.292       35.0351        0.0051      145.7154      145.7205     110.685452       0.00000
  36     2.964       35.0340        0.0066      145.7128      145.7194     110.685452      -0.00000
  35     3.853       35.0325        0.0087      145.7093      145.7180     110.685452       0.00000
  34     5.035       35.0306        0.0114      145.7047      145.7160     110.685452      -0.00000
  33     6.613       35.0280        0.0150      145.6985      145.7134     110.685452       0.00000
  32     8.786       35.0245        0.0199      145.6901      145.7099     110.685452       0.00000
  31     11.80       35.0195        0.0268      145.6781      145.7049     110.685452      -0.00000
  30     15.07       35.0141        0.0343      145.6652      145.6996     110.685452       0.00000
  29     18.79       35.0080        0.0428      145.6507      145.6935     110.685452       0.00000
  28     23.16       35.0009        0.0527      145.6336      145.6864     110.685452       0.00000
  27     28.12       34.9928        0.0641      145.6142      145.6782     110.685452      -0.00000
  26     33.73       34.9836        0.0768      145.5923      145.6691     110.685452       0.00000
  25     40.54       34.9726        0.0921      145.5659      145.6580     110.685452       0.00000
  24     48.69       34.9592        0.1107      145.5340      145.6447     110.685452      -0.00000
  23     57.69       34.9446        0.1311      145.4989      145.6300     110.685452       0.00000
  22     68.43       34.9270        0.1555      145.4570      145.6125     110.685452       0.00000
  21     81.20       34.9061        0.1845      145.4071      145.5916     110.685452      -0.00000
  20     96.49       34.8812        0.2192      145.3474      145.5666     110.685452       0.00000
  19     114.6       34.8516        0.2605      145.2704      145.5309     110.679355       0.00285
  18     136.5       34.8164        0.3095      145.1787      145.4882     110.671784       0.00291
  17     162.9       34.7744        0.3679      145.0656      145.4335     110.659188       0.00403
  16     196.4       34.7197        0.4439      144.9026      145.3465     110.626782       0.00816
  15     218.7       34.6839        0.4938      144.7561      145.2500     110.566120       0.02303
  14     243.0       34.6450        0.5481      144.5208      145.0689     110.423881       0.04933
  13     269.0       34.6033        0.6067      144.1405      144.7471     110.143844       0.09084
  12     297.5       34.5590        0.6696      143.5914      144.2610     109.701971       0.13105
  11     328.5       34.5123        0.7374      142.9353      143.6727     109.160386       0.14726
  10     361.9       34.4635        0.8100      142.1481      142.9580     108.494554       0.16846
   9     398.1       34.4134        0.8874      141.1599      142.0473     107.633907       0.20051
   8     437.6       34.3634        0.9694      139.8943      140.8637     106.500303       0.24237
   7     480.5       34.3152        1.0558      138.3352      139.3910     105.075750       0.27978
   6     533.0       34.2661        1.1596      136.1391      137.2986     103.032496       0.32869
   5     589.8       34.2317        1.2674      133.3711      134.6385     100.406800       0.38974
   4     651.6       34.2330        1.3764      129.7448      131.1212      96.888143       0.48119
   3     718.7       34.2970        1.4856      125.3809      126.8665      92.569553       0.54273
   2     792.3       34.4827        1.5918      120.1738      121.7656      87.282934       0.60632
   1     891.5       35.0415        1.7168      112.6252      114.3420      79.300528       0.67926
   0    1013.0       36.5117        1.8467      103.9843      105.8310      69.319315       0.69305



 Wavenumbers: 12850. - 16000. cm-1, ATM      1
 LEVEL PRESSURE   UPWARD FLUX   DIFDOWN FLUX  DIRDOWN FLUX  DOWNWARD FLUX   NET FLUX    HEATING RATE
          mb          W/m2          W/m2          W/m2        W/m2          W/m2       degree/day
  51    .06700       18.4377        0.0000       91.3091       91.3091      72.871436       0.00000
  50    .07753       18.4376        0.0001       91.3082       91.3083      72.870658       0.62330
  49    .09103       18.4376        0.0001       91.3071       91.3073      72.869685       0.60828
  48    0.1069       18.4375        0.0002       91.3059       91.3061      72.868571       0.59269
  47    0.1255       18.4375        0.0003       91.3045       91.3048      72.867298       0.57713
  46    0.1487       18.4374        0.0004       91.3027       91.3031      72.865701       0.58223
  45    0.1794       18.4373        0.0005       91.3003       91.3009      72.863542       0.59273
  44    0.2165       18.4372        0.0007       91.2975       91.2982      72.861021       0.57341
  43    0.2613       18.4371        0.0009       91.2943       91.2952      72.858083       0.55391
  42    0.3336       18.4369        0.0013       91.2890       91.2903      72.853336       0.55341
  41    0.4307       18.4367        0.0017       91.2823       91.2840      72.847286       0.52607
  40    0.5894       18.4364        0.0025       91.2719       91.2743      72.837940       0.49701
  39     1.339       18.4356        0.0060       91.2278       91.2337      72.798194       0.44746
  38     1.782       18.4356        0.0081       91.2033       91.2114      72.775824       0.42590
  37     2.292       18.4361        0.0104       91.1745       91.1849      72.748837       0.44696
  36     2.964       18.4374        0.0136       91.1341       91.1477      72.710252       0.48437
  35     3.853       18.4403        0.0177       91.0761       91.0939      72.653602       0.53762
  34     5.035       18.4451        0.0232       90.9942       91.0174      72.572365       0.58032
  33     6.613       18.4519        0.0306       90.8826       90.9132      72.461300       0.59376
  32     8.786       18.4607        0.0405       90.7374       90.7779      72.317205       0.55961
  31     11.80       18.4712        0.0546       90.5450       90.5995      72.128372       0.52867
  30     15.07       18.4801        0.0697       90.3559       90.4256      71.945510       0.47211
  29     18.79       18.4882        0.0868       90.1583       90.2451      71.756913       0.42761
  28     23.16       18.4952        0.1066       89.9458       90.0525      71.557308       0.38597
  27     28.12       18.5003        0.1293       89.7240       89.8533      71.353008       0.34730
  26     33.73       18.5021        0.1547       89.5052       89.6599      71.157778       0.29353
  25     40.54       18.4997        0.1853       89.2749       89.4602      70.960553       0.24468
  24     48.69       18.4922        0.2221       89.0313       89.2534      70.761228       0.20627
  23     57.69       18.4796        0.2626       88.7969       89.0595      70.579829       0.17003
  22     68.43       18.4600        0.3107       88.5536       88.8643      70.404309       0.13798
  21     81.20       18.4301        0.3680       88.3110       88.6791      70.248944       0.10266
  20     96.49       18.3886        0.4364       88.0658       88.5021      70.113542       0.07473
  19     114.6       18.3392        0.5178       87.7951       88.3129      69.973725       0.06528
  18     136.5       18.2779        0.6142       87.4894       88.1036      69.825644       0.05694
  17     162.9       18.2025        0.7287       87.1360       87.8647      69.662217       0.05224
  16     196.4       18.0994        0.8769       86.6991       87.5761      69.476724       0.04669
  15     218.7       18.0297        0.9741       86.4185       87.3926      69.362936       0.04320
  14     243.0       17.9531        1.0795       86.1145       87.1940      69.240936       0.04231
  13     269.0       17.8692        1.1936       85.7856       86.9792      69.109962       0.04249
  12     297.5       17.7779        1.3165       85.4289       86.7454      68.967552       0.04224
  11     328.5       17.6789        1.4491       85.0405       86.4897      68.810810       0.04262
  10     361.9       17.5721        1.5915       84.6181       86.2096      68.637498       0.04385
   9     398.1       17.4574        1.7442       84.1573       85.9015      68.444179       0.04504
   8     437.6       17.3347        1.9077       83.6504       85.5581      68.223447       0.04719
   7     480.5       17.2041        2.0821       83.0914       85.1736      67.969479       0.04988
   6     533.0       17.0454        2.2957       82.3745       84.6701      67.624695       0.05546
   5     589.8       16.8786        2.5238       81.5510       84.0748      67.196170       0.06361
   4     651.6       16.7086        2.7656       80.5656       83.3312      66.622606       0.07844
   3     718.7       16.5386        3.0198       79.4114       82.4312      65.892601       0.09174
   2     792.3       16.3801        3.2830       78.0309       81.3138      64.933713       0.10997
   1     891.5       16.2216        3.6204       75.9397       79.5600      63.338450       0.13575
   0    1013.0       16.1396        3.9999       73.2232       77.2231      61.083461       0.15658



 Wavenumbers: 16000. - 22650. cm-1, ATM      1
 LEVEL PRESSURE   UPWARD FLUX   DIFDOWN FLUX  DIRDOWN FLUX  DOWNWARD FLUX   NET FLUX    HEATING RATE
          mb          W/m2          W/m2          W/m2        W/m2          W/m2       degree/day
  51    .06700       29.9672        0.0000      145.5822      145.5822     115.615083       0.00000
  50    .07753       29.9670        0.0003      145.5817      145.5819     115.614987       0.07661
  49    .09103       29.9667        0.0006      145.5809      145.5816     115.614848       0.08689
  48    0.1069       29.9664        0.0010      145.5801      145.5811     115.614662       0.09908
  47    0.1255       29.9661        0.0015      145.5790      145.5805     115.614413       0.11294
  46    0.1487       29.9657        0.0021      145.5777      145.5798     115.614046       0.13383
  45    0.1794       29.9652        0.0029      145.5758      145.5787     115.613472       0.15757
  44    0.2165       29.9646        0.0038      145.5735      145.5773     115.612693       0.17709
  43    0.2613       29.9639        0.0049      145.5706      145.5755     115.611637       0.19909
  42    0.3336       29.9628        0.0068      145.5656      145.5724     115.609629       0.23413
  41    0.4307       29.9613        0.0092      145.5587      145.5679     115.606602       0.26318
  40    0.5894       29.9590        0.0132      145.5467      145.5599     115.600830       0.30697
  39     1.339       29.9503        0.0321      145.4764      145.5085     115.558190       0.48004
  38     1.782       29.9467        0.0432      145.4253      145.4685     115.521877       0.69134
  37     2.292       29.9438        0.0560      145.3571      145.4131     115.469330       0.87032
  36     2.964       29.9421        0.0729      145.2535      145.3264     115.384240       1.06813
  35     3.853       29.9429        0.0951      145.0971      145.1922     115.249319       1.28043
  34     5.035       29.9468        0.1246      144.8705      144.9951     115.048238       1.43644
  33     6.613       29.9535        0.1639      144.5589      144.7228     114.769212       1.49168
  32     8.786       29.9611        0.2167      144.1512      144.3679     114.406862       1.40723
  31     11.80       29.9661        0.2921      143.6094      143.9014     113.935338       1.32012
  30     15.07       29.9648        0.3727      143.0752      143.4479     113.483098       1.16760
  29     18.79       29.9573        0.4635      142.5148      142.9783     113.020990       1.04774
  28     23.16       29.9417        0.5693      141.9094      142.4787     112.536984       0.93591
  27     28.12       29.9157        0.6897      141.2738      141.9635     112.047776       0.83162
  26     33.73       29.8751        0.8242      140.6408      141.4650     111.589825       0.68854
  25     40.54       29.8128        0.9861      139.9655      140.9515     111.138757       0.55960
  24     48.69       29.7247        1.1806      139.2379      140.4185     110.693793       0.46047
  23     57.69       29.6156        1.3934      138.5217      139.9151     110.299594       0.36950
  22     68.43       29.4722        1.6460      137.7571      139.4031     109.930861       0.28987
  21     81.20       29.2833        1.9458      136.9644      138.9102     109.626918       0.20084
  20     96.49       29.0415        2.3017      136.1290      138.4307     109.389232       0.13119
  19     114.6       28.7460        2.7215      135.1971      137.9186     109.172531       0.10118
  18     136.5       28.3902        3.2152      134.1352      137.3503     108.960184       0.08165
  17     162.9       27.9612        3.7976      132.9121      136.7097     108.748416       0.06769
  16     196.4       27.3942        4.5447      131.4085      135.9531     108.558943       0.04769
  15     218.7       27.0179        5.0303      130.4537      135.4839     108.466024       0.03528
  14     243.0       26.6071        5.5535      129.4336      134.9872     108.380016       0.02983
  13     269.0       26.1601        6.1153      128.3471      134.4624     108.302299       0.02521
  12     297.5       25.6753        6.7163      127.1920      133.9083     108.233010       0.02055
  11     328.5       25.1505        7.3586      125.9576      133.3162     108.165748       0.01829
  10     361.9       24.5844        8.0419      124.6431      132.6850     108.100563       0.01649
   9     398.1       23.9743        8.7678      123.2433      132.0112     108.036866       0.01484
   8     437.6       23.3183        9.5366      121.7545      131.2910     107.972725       0.01371
   7     480.5       22.6142       10.3482      120.1739      130.5221     107.907909       0.01273
   6     533.0       21.7462       11.3299      118.2468      129.5768     107.830578       0.01244
   5     589.8       20.8091       12.3668      116.1872      128.5540     107.744840       0.01273
   4     651.6       19.8003       13.4569      113.9844      127.4413     107.640991       0.01420
   3     718.7       18.7162       14.5979      111.6293      126.2272     107.511023       0.01633
   2     792.3       17.5558       15.7845      109.1071      124.8916     107.335772       0.02010
   1     891.5       15.9920       17.3258      105.6860      123.0118     107.019858       0.02688
   0    1013.0       14.1171       19.0843      101.5744      120.6587     106.541669       0.03320



 Wavenumbers: 22650. - 29000. cm-1, ATM      1
 LEVEL PRESSURE   UPWARD FLUX   DIFDOWN FLUX  DIRDOWN FLUX  DOWNWARD FLUX   NET FLUX    HEATING RATE
          mb          W/m2          W/m2          W/m2        W/m2          W/m2       degree/day
  51    .06700       17.9892        0.0000       54.9374       54.9374      36.948249       0.00000
  50    .07753       17.9890        0.0003       54.9369       54.9372      36.948249       0.00000
  49    .09103       17.9887        0.0008       54.9362       54.9369      36.948249       0.00000
  48    0.1069       17.9884        0.0012       54.9354       54.9366      36.948249      -0.00000
  47    0.1255       17.9880        0.0018       54.9345       54.9363      36.948249       0.00000
  46    0.1487       17.9876        0.0025       54.9333       54.9358      36.948249       0.00000
  45    0.1794       17.9870        0.0035       54.9317       54.9352      36.948249       0.00000
  44    0.2165       17.9862        0.0046       54.9299       54.9345      36.948249       0.00000
  43    0.2613       17.9854        0.0060       54.9277       54.9336      36.948249       0.00000
  42    0.3336       17.9839        0.0082       54.9240       54.9322      36.948249       0.00000
  41    0.4307       17.9820        0.0111       54.9191       54.9303      36.948249       0.00000
  40    0.5894       17.9789        0.0160       54.9112       54.9272      36.948249      -0.00000
  39     1.339       17.9642        0.0389       54.8736       54.9125      36.948249       0.00000
  38     1.782       17.9556        0.0523       54.8515       54.9038      36.948249       0.00000
  37     2.292       17.9456        0.0678       54.8260       54.8938      36.948249       0.00000
  36     2.964       17.9325        0.0882       54.7925       54.8807      36.948249       0.00000
  35     3.853       17.9151        0.1151       54.7482       54.8634      36.948249       0.00000
  34     5.035       17.8921        0.1509       54.6894       54.8403      36.948249       0.00000
  33     6.613       17.8613        0.1986       54.6110       54.8096      36.948249       0.00000
  32     8.786       17.8198        0.2627       54.5054       54.7681      36.948249      -0.00000
  31     11.80       17.7605        0.3543       54.3545       54.7088      36.948249       0.00000
  30     15.07       17.6969        0.4523       54.1929       54.6451      36.948249      -0.00000
  29     18.79       17.6250        0.5626       54.0107       54.5732      36.948249       0.00000
  28     23.16       17.5411        0.6909       53.7984       54.4893      36.948249      -0.00000
  27     28.12       17.4452        0.8369       53.5565       54.3934      36.948249      -0.00000
  26     33.73       17.3379        0.9994       53.2868       54.2862      36.948249       0.00000
  25     40.54       17.2086        1.1944       52.9624       54.1568      36.948249       0.00000
  24     48.69       17.0529        1.4276       52.5736       54.0012      36.948249       0.00000
  23     57.69       16.8823        1.6812       52.1493       53.8305      36.948249       0.00000
  22     68.43       16.6795        1.9798       51.6480       53.6278      36.948249      -0.00000
  21     81.20       16.4388        2.3307       51.0563       53.3870      36.948249       0.00000
  20     96.49       16.1531        2.7419       50.3594       53.1013      36.948249       0.00000
  19     114.6       15.8154        3.2203       49.5434       52.7637      36.948249       0.00000
  18     136.5       15.4176        3.7736       48.5923       52.3658      36.948249      -0.00000
  17     162.9       14.9471        4.4133       47.4821       51.8953      36.948249       0.00000
  16     196.4       14.3422        5.2123       46.0781       51.2905      36.948249       0.00000
  15     218.7       13.9481        5.7188       45.1775       50.8963      36.948249       0.00000
  14     243.0       13.5224        6.2532       44.2174       50.4706      36.948249      -0.00000
  13     269.0       13.0641        6.8137       43.1986       50.0123      36.948249       0.00000
  12     297.5       12.5723        7.3982       42.1223       49.5205      36.948249       0.00000
  11     328.5       12.0447        8.0055       40.9874       48.9929      36.948249      -0.00000
  10     361.9       11.4808        8.6319       39.7972       48.4291      36.948249       0.00000
   9     398.1       10.8787        9.2750       38.5520       47.8269      36.948249      -0.00000
   8     437.6       10.2371        9.9307       37.2547       47.1854      36.948249       0.00000
   7     480.5        9.5550       10.5946       35.9086       46.5032      36.948249       0.00000
   6     533.0        8.7223       11.3587       34.3119       45.6706      36.948249       0.00000
   5     589.8        7.8327       12.1186       32.6623       44.7810      36.948249      -0.00000
   4     651.6        6.8845       12.8640       30.9687       43.8327      36.948249       0.00000
   3     718.7        5.8745       13.5876       29.2351       42.8228      36.948249       0.00000
   2     792.3        4.8025       14.2735       27.4772       41.7507      36.948249       0.00000
   1     891.5        3.3680       15.0614       25.2549       40.3163      36.948249      -0.00000
   0    1013.0        1.6602       15.8136       22.7949       38.6084      36.948249       0.00000



 Wavenumbers: 29000. - 38000. cm-1, ATM      1
 LEVEL PRESSURE   UPWARD FLUX   DIFDOWN FLUX  DIRDOWN FLUX  DOWNWARD FLUX   NET FLUX    HEATING RATE
          mb          W/m2          W/m2          W/m2        W/m2          W/m2       degree/day
  51    .06700        4.0968        0.0000       19.3732       19.3732      15.276407       0.00000
  50    .07753        4.0966        0.0003       19.3689       19.3692      15.272606       3.04625
  49    .09103        4.0963        0.0007       19.3627       19.3634      15.267079       3.45436
  48    0.1069        4.0960        0.0011       19.3546       19.3557      15.259685       3.93617
  47    0.1255        4.0957        0.0015       19.3439       19.3455      15.249803       4.48001
  46    0.1487        4.0952        0.0022       19.3283       19.3305      15.235278       5.29447
  45    0.1794        4.0946        0.0030       19.3043       19.3073      15.212684       6.20261
  44    0.2165        4.0940        0.0039       19.2723       19.2762      15.182277       6.91691
  43    0.2613        4.0932        0.0051       19.2296       19.2347      15.141477       7.69069
  42    0.3336        4.0919        0.0069       19.1504       19.1573      15.065395       8.87037
  41    0.4307        4.0904        0.0094       19.0354       19.0448      14.954400       9.65077
  40    0.5894        4.0879        0.0133       18.8291       18.8424      14.754452      10.63302
  39     1.339        4.0791        0.0296       17.6948       17.7244      13.645341      12.48657
  38     1.782        4.0755        0.0379       17.0669       17.1048      13.029282      11.72877
  37     2.292        4.0727        0.0468       16.4368       16.4836      12.410881      10.24234
  36     2.964        4.0709        0.0576       15.7511       15.8087      11.737751       8.44981
  35     3.853        4.0712        0.0711       15.0222       15.0932      11.022050       6.79214
  34     5.035        4.0741        0.0880       14.2806       14.3686      10.294510       5.19724
  33     6.613        4.0797        0.1093       13.5614       13.6707       9.590953       3.76122
  32     8.786        4.0875        0.1372       12.8813       13.0185       8.930987       2.56307
  31     11.80        4.0965        0.1755       12.2132       12.3887       8.292180       1.78846
  30     15.07        4.1038        0.2151       11.7003       11.9154       7.811544       1.24091
  29     18.79        4.1101        0.2584       11.2544       11.5128       7.402753       0.92686
  28     23.16        4.1150        0.3074       10.8418       11.1492       7.034160       0.71274
  27     28.12        4.1178        0.3618       10.4608       10.8225       6.704794       0.55990
  26     33.73        4.1156        0.4213       10.1205       10.5418       6.426206       0.41887
  25     40.54        4.1067        0.4919        9.7891       10.2811       6.174412       0.31238
  24     48.69        4.0899        0.5750        9.4592       10.0342       5.944353       0.23807
  23     57.69        4.0655        0.6640        9.1552        9.8193       5.753757       0.17866
  22     68.43        4.0298        0.7677        8.8476        9.6153       5.585468       0.13230
  21     81.20        3.9773        0.8889        8.5421        9.4309       5.453676       0.08709
  20     96.49        3.9054        1.0299        8.2305        9.2604       5.355050       0.05443
  19     114.6        3.8165        1.1907        7.8947        9.0854       5.268805       0.04027
  18     136.5        3.7104        1.3714        7.5266        8.8981       5.187624       0.03122
  17     162.9        3.5844        1.5733        7.1211        8.6943       5.109909       0.02484
  16     196.4        3.4191        1.8171        6.6453        8.4624       5.043288       0.01677
  15     218.7        3.3108        1.9664        6.3560        8.3224       5.011571       0.01204
  14     243.0        3.1943        2.1191        6.0581        8.1772       4.982835       0.00997
  13     269.0        3.0694        2.2739        5.7531        8.0270       4.957552       0.00820
  12     297.5        2.9360        2.4294        5.4424        7.8717       4.935754       0.00647
  11     328.5        2.7942        2.5835        5.1261        7.7096       4.915390       0.00554
  10     361.9        2.6442        2.7346        4.8060        7.5407       4.896517       0.00478
   9     398.1        2.4855        2.8810        4.4837        7.3647       4.879142       0.00405
   8     437.6        2.3182        3.0208        4.1604        7.1812       4.862916       0.00347
   7     480.5        2.1424        3.1508        3.8396        6.9904       4.848051       0.00292
   6     533.0        1.9303        3.2858        3.4769        6.7628       4.832505       0.00250
   5     589.8        1.7064        3.4023        3.1223        6.5246       4.818183       0.00213
   4     651.6        1.4708        3.4963        2.7795        6.2757       4.804940       0.00181
   3     718.7        1.2227        3.5650        2.4506        6.0155       4.792774       0.00153
   2     792.3        0.9620        3.6046        2.1392        5.7437       4.781713       0.00127
   1     891.5        0.6164        3.6091        1.7766        5.3857       4.769318       0.00105
   0    1013.0        0.2086        3.5494        1.4166        4.9660       4.757399       0.00083



 Wavenumbers: 38000. - 50000. cm-1, ATM      1
 LEVEL PRESSURE   UPWARD FLUX   DIFDOWN FLUX  DIRDOWN FLUX  DOWNWARD FLUX   NET FLUX    HEATING RATE
          mb          W/m2          W/m2          W/m2        W/m2          W/m2       degree/day
  51    .06700        0.0060        0.0000        1.1949        1.1949       1.188972       0.00000
  50    .07753        0.0059        0.0001        1.1925        1.1925       1.186638       1.87119
  49    .09103        0.0058        0.0002        1.1890        1.1891       1.183307       2.08171
  48    0.1069        0.0057        0.0002        1.1844        1.1847       1.178931       2.32912
  47    0.1255        0.0056        0.0004        1.1785        1.1788       1.173182       2.60648
  46    0.1487        0.0055        0.0005        1.1699        1.1704       1.164868       3.03042
  45    0.1794        0.0054        0.0007        1.1568        1.1575       1.152129       3.49721
  44    0.2165        0.0052        0.0009        1.1396        1.1405       1.135261       3.83733
  43    0.2613        0.0050        0.0011        1.1169        1.1180       1.113021       4.19206
  42    0.3336        0.0047        0.0015        1.0757        1.0772       1.072497       4.72465
  41    0.4307        0.0043        0.0019        1.0175        1.0195       1.015144       4.98674
  40    0.5894        0.0038        0.0025        0.9181        0.9206       0.916853       5.22701
  39     1.339        0.0021        0.0034        0.4797        0.4831       0.481034       4.90652
  38     1.782        0.0015        0.0031        0.3159        0.3190       0.317448       3.11443
  37     2.292        0.0011        0.0026        0.2030        0.2056       0.204519       1.87039
  36     2.964        0.0008        0.0021        0.1245        0.1266       0.125793       0.98825
  35     3.853        0.0005        0.0016        0.0726        0.0742       0.073687       0.49450
  34     5.035        0.0004        0.0012        0.0408        0.0421       0.041694       0.22855
  33     6.613        0.0002        0.0009        0.0224        0.0233       0.023098       0.09941
  32     8.786        0.0001        0.0006        0.0114        0.0121       0.011963       0.04324
  31     11.80        0.0001        0.0004        0.0050        0.0054       0.005301       0.01865
  30     15.07        0.0000        0.0002        0.0022        0.0025       0.002458       0.00734
  29     18.79        0.0000        0.0001        0.0010        0.0011       0.001125       0.00302
  28     23.16        0.0000        0.0001        0.0004        0.0005       0.000492       0.00122
  27     28.12        0.0000        0.0000        0.0002        0.0002       0.000208       0.00048
  26     33.73        0.0000        0.0000        0.0001        0.0001       0.000088       0.00018
  25     40.54        0.0000        0.0000        0.0000        0.0000       0.000035       0.00007
  24     48.69        0.0000        0.0000        0.0000        0.0000       0.000012       0.00002
  23     57.69        0.0000        0.0000        0.0000        0.0000       0.000004       0.00001
  22     68.43        0.0000        0.0000        0.0000        0.0000       0.000001       0.00000
  21     81.20        0.0000        0.0000        0.0000        0.0000       0.000000       0.00000
  20     96.49        0.0000        0.0000        0.0000        0.0000       0.000000       0.00000
  19     114.6        0.0000        0.0000        0.0000        0.0000       0.000000       0.00000
  18     136.5        0.0000        0.0000        0.0000        0.0000       0.000000       0.00000
  17     162.9        0.0000        0.0000        0.0000        0.0000       0.000000       0.00000
  16     196.4        0.0000        0.0000        0.0000        0.0000       0.000000       0.00000
  15     218.7        0.0000        0.0000        0.0000        0.0000       0.000000       0.00000
  14     243.0        0.0000        0.0000        0.0000        0.0000       0.000000       0.00000
  13     269.0        0.0000        0.0000        0.0000        0.0000       0.000000       0.00000
  12     297.5        0.0000        0.0000        0.0000        0.0000       0.000000       0.00000
  11     328.5        0.0000        0.0000        0.0000        0.0000       0.000000       0.00000
  10     361.9        0.0000        0.0000        0.0000        0.0000       0.000000       0.00000
   9     398.1        0.0000        0.0000        0.0000        0.0000       0.000000       0.00000
   8     437.6        0.0000        0.0000        0.0000        0.0000       0.000000       0.00000
   7     480.5        0.0000        0.0000        0.0000        0.0000       0.000000       0.00000
   6     533.0        0.0000        0.0000        0.0000        0.0000       0.000000       0.00000
   5     589.8        0.0000        0.0000        0.0000        0.0000       0.000000       0.00000
   4     651.6        0.0000        0.0000        0.0000        0.0000       0.000000       0.00000
   3     718.7        0.0000        0.0000        0.0000        0.0000       0.000000       0.00000
   2     792.3        0.0000        0.0000        0.0000        0.0000       0.000000       0.00000
   1     891.5        0.0000        0.0000        0.0000        0.0000       0.000000       0.00000
   0    1013.0        0.0000        0.0000        0.0000        0.0000       0.000000       0.00000



 Wavenumbers:   820. -  2600. cm-1, ATM      1
 LEVEL PRESSURE   UPWARD FLUX   DIFDOWN FLUX  DIRDOWN FLUX  DOWNWARD FLUX   NET FLUX    HEATING RATE
          mb          W/m2          W/m2          W/m2        W/m2          W/m2       degree/day
  51    .06700        0.0291        0.0000        5.5897        5.5897       5.560602       0.00000
  50    .07753        0.0291        0.0000        5.5861        5.5861       5.556964       2.91556
  49    .09103        0.0291        0.0000        5.5852        5.5852       5.556091       0.54563
  48    0.1069        0.0291        0.0000        5.5842        5.5842       5.555113       0.52038
  47    0.1255        0.0291        0.0000        5.5831        5.5831       5.554017       0.49725
  46    0.1487        0.0291        0.0000        5.5818        5.5818       5.552694       0.48197
  45    0.1794        0.0291        0.0000        5.5801        5.5801       5.551032       0.45633
  44    0.2165        0.0291        0.0000        5.5784        5.5784       5.549264       0.40221
  43    0.2613        0.0291        0.0000        5.5765        5.5765       5.547389       0.35337
  42    0.3336        0.0291        0.0000        5.5737        5.5737       5.544626       0.32212
  41    0.4307        0.0291        0.0000        5.5704        5.5704       5.541261       0.29266
  40    0.5894        0.0291        0.0000        5.5650        5.5650       5.535868       0.28676
  39     1.339        0.0291        0.0000        5.5401        5.5401       5.510974       0.28026
  38     1.782        0.0291        0.0000        5.5263        5.5263       5.497186       0.26251
  37     2.292        0.0291        0.0000        5.5110        5.5110       5.481845       0.25408
  36     2.964        0.0291        0.0000        5.4918        5.4918       5.462646       0.24101
  35     3.853        0.0291        0.0000        5.4679        5.4679       5.438770       0.22659
  34     5.035        0.0291        0.0000        5.4384        5.4384       5.409294       0.21057
  33     6.613        0.0291        0.0000        5.4018        5.4018       5.372671       0.19579
  32     8.786        0.0291        0.0000        5.3561        5.3561       5.326959       0.17753
  31     11.80        0.0291        0.0000        5.3000        5.3000       5.270927       0.15687
  30     15.07        0.0291        0.0000        5.2537        5.2537       5.224611       0.11958
  29     18.79        0.0291        0.0000        5.2163        5.2163       5.187154       0.08493
  28     23.16        0.0291        0.0000        5.1859        5.1859       5.156798       0.05870
  27     28.12        0.0291        0.0000        5.1602        5.1602       5.131120       0.04365
  26     33.73        0.0291        0.0000        5.1361        5.1361       5.106999       0.03627
  25     40.54        0.0291        0.0000        5.1092        5.1092       5.080062       0.03342
  24     48.69        0.0291        0.0000        5.0781        5.0781       5.048970       0.03218
  23     57.69        0.0291        0.0000        5.0448        5.0448       5.015722       0.03117
  22     68.43        0.0291        0.0000        5.0063        5.0063       4.977195       0.03029
  21     81.20        0.0291        0.0000        4.9624        4.9624       4.933290       0.02901
  20     96.49        0.0291        0.0000        4.9123        4.9123       4.883168       0.02766
  19     114.6        0.0291        0.0000        4.8549        4.8549       4.825809       0.02678
  18     136.5        0.0291        0.0000        4.7901        4.7901       4.761009       0.02492
  17     162.9        0.0291        0.0000        4.7112        4.7112       4.682097       0.02522
  16     196.4        0.0291        0.0000        4.5956        4.5957       4.566562       0.02908
  15     218.7        0.0291        0.0000        4.4944        4.4945       4.465361       0.03842
  14     243.0        0.0291        0.0000        4.3556        4.3556       4.326493       0.04816
  13     269.0        0.0291        0.0000        4.1963        4.1963       4.167221       0.05167
  12     297.5        0.0291        0.0000        4.0150        4.0150       3.985885       0.05378
  11     328.5        0.0292        0.0000        3.8086        3.8086       3.779458       0.05613
  10     361.9        0.0292        0.0000        3.5698        3.5699       3.540650       0.06042
   9     398.1        0.0293        0.0000        3.3242        3.3242       3.294962       0.05724
   8     437.6        0.0293        0.0000        3.1062        3.1062       3.076881       0.04663
   7     480.5        0.0294        0.0000        2.9458        2.9458       2.916399       0.03152
   6     533.0        0.0295        0.0000        2.8099        2.8100       2.780451       0.02187
   5     589.8        0.0297        0.0000        2.6724        2.6724       2.642688       0.02045
   4     651.6        0.0301        0.0000        2.4970        2.4971       2.467015       0.02402
   3     718.7        0.0307        0.0000        2.2976        2.2976       2.266950       0.02514
   2     792.3        0.0318        0.0000        2.0833        2.0834       2.051582       0.02470
   1     891.5        0.0346        0.0000        1.7880        1.7880       1.753363       0.02538
   0    1013.0        0.0418        0.0000        1.3924        1.3925       1.350697       0.02796

  Modules and versions used in this calculation:

       rrtmg_sw.1col.f90:  $Revision: 33222 $            rrtmg_sw_init.f90:  $Revision: 33222 $
     rrtmgsw_cldprop.f90:  $Revision: 33222 $          rrtmgsw_cldprmc.f90:  NOT USED          
     rrtmg_sw_reftra.f90:  $Revision: 33222 $          rrtmg_sw_spcvrt.f90:  NOT USED          
     rrtmg_sw_spcvmc.f90:  NOT USED                    rrtmgsw_setcoef.f90:  NOT USED          
     rrtmg_sw_taumol.f90:  $Revision: 33222 $          rrtmg_sw_vrtqdr.f90:  NOT USED          
                rrtatm.f:  NOT USED                             util_xxx.f:  NOT USED          
                 extra.f:  NOT USED                       rrtmg_sw_k_g.f90:  $Revision: 33222 $

