

 Wavenumbers:   820. - 50000. cm-1, ATM      1
 LEVEL PRESSURE   UPWARD FLUX   DIFDOWN FLUX  DIRDOWN FLUX  DOWNWARD FLUX   NET FLUX    HEATING RATE
          mb          W/m2          W/m2          W/m2        W/m2          W/m2       degree/day
  47   .000061      175.3875        0.0000      962.8681      962.8681     787.480660       0.00000
  46   .000117      175.3875        0.0000      962.8680      962.8680     787.480565      14.41558
  45   .000258      175.3875        0.0000      962.8676      962.8677     787.480188      22.52905
  44   .000625      175.3875        0.0001      962.8666      962.8666     787.479196      22.81655
  43   .001640      175.3874        0.0002      962.8642      962.8644     787.476997      18.28019
  42   .004480      175.3872        0.0005      962.8585      962.8590     787.471768      15.53875
  41    .01200      175.3868        0.0013      962.8487      962.8499     787.463112       9.71405
  40    .03000      175.3857        0.0031      962.8335      962.8366     787.450856       5.74636
  39    .06700      175.3835        0.0070      962.8018      962.8088     787.425237       5.84323
  38    0.1390      175.3795        0.0144      962.7154      962.7298     787.350274       8.78644
  37    0.2720      175.3729        0.0281      962.4851      962.5133     787.140340      13.32078
  36    0.5150      175.3625        0.0527      961.9480      962.0007     786.638167      17.43998
  35    0.9510      175.3480        0.0953      960.7549      960.8502     785.502249      21.98664
  34     1.290      175.3402        0.1270      959.7378      959.8648     784.524559      24.33883
  33     1.760      175.3341        0.1691      958.3613      958.5304     783.196276      23.85016
  32     2.410      175.3342        0.2263      956.6445      956.8708     781.536540      21.54885
  31     3.330      175.3496        0.3058      954.7113      955.0171     779.667491      17.14476
  30     4.640      175.3909        0.4176      952.6388      953.0564     777.665546      12.89673
  29     6.520      175.4642        0.5767      950.4185      950.9952     775.530978       9.58188
  28     9.300      175.5645        0.8060      948.0331      948.8391     773.274662       6.84942
  27     13.20      175.6779        1.1376      945.4100      946.5476     770.869737       5.20398
  26     19.07      175.7924        1.6188      942.3885      944.0073     768.214837       3.81688
  25     27.70      175.8805        2.3214      938.8265      941.1479     765.267373       2.88228
  24     32.20      175.8882        2.6858      937.2527      939.9385     764.050361       2.28234
  23     37.60      175.8626        3.1111      935.6041      938.7152     762.852545       1.87195
  22     43.70      175.8011        3.6067      933.8473      937.4540     761.652891       1.65968
  21     51.00      175.6944        4.1841      931.9664      936.1505     760.456055       1.38360
  20     59.50      175.5326        4.8577      929.9358      934.7935     759.260889       1.18661
  19     69.50      175.2968        5.6434      927.7489      933.3923     758.095556       0.98344
  18     81.20      174.9579        6.5614      925.4153      931.9767     757.018780       0.77667
  17     95.00      174.5027        7.6329      922.8826      930.5154     756.012714       0.61524
  16     111.0      173.9417        8.8767      920.0306      928.9073     754.965649       0.55227
  15     130.0      173.2644       10.3036      916.8003      927.1039     753.839505       0.50019
  14     153.0      172.4518       11.9592      913.0919      925.0511     752.599291       0.45506
  13     179.0      171.4691       13.8674      908.8103      922.6777     751.208629       0.45138
  12     209.0      170.3038       16.0182      903.6241      919.6422     749.338446       0.52609
  11     243.0      168.9648       18.3932      896.7848      915.1780     746.213183       0.77572
  10     281.0      167.4400       20.9973      887.3002      908.2975     740.857534       1.18940
   9     324.0      165.7181       23.8322      875.5144      899.3466     733.628588       1.41875
   8     372.0      163.7880       26.8966      862.3613      889.2579     725.469816       1.43444
   7     426.0      161.6383       30.1848      847.1561      877.3409     715.702532       1.52644
   6     487.0      159.2586       33.6888      829.6822      863.3710     704.112389       1.60346
   5     554.0      156.6470       37.3950      810.2156      847.6106     690.963590       1.65619
   4     628.0      153.8420       41.2753      787.7939      829.0692     675.227146       1.79462
   3     710.0      150.9372       45.2911      762.1888      807.4799     656.542701       1.92294
   2     802.0      148.1489       49.4009      733.7615      783.1624     635.013486       1.97487
   1     902.0      145.9669       53.5556      702.8825      756.4380     610.471174       2.07116
   0    1013.0      145.6630       57.7060      670.6093      728.3152     582.652170       2.11503



 Wavenumbers:  2600. -  3250. cm-1, ATM      1
 LEVEL PRESSURE   UPWARD FLUX   DIFDOWN FLUX  DIRDOWN FLUX  DOWNWARD FLUX   NET FLUX    HEATING RATE
          mb          W/m2          W/m2          W/m2        W/m2          W/m2       degree/day
  47   .000061        0.5335        0.0000        8.4849        8.4849       7.951462       0.00000
  46   .000117        0.5335        0.0000        8.4849        8.4849       7.951462       0.00457
  45   .000258        0.5335        0.0000        8.4849        8.4849       7.951462       0.00494
  44   .000625        0.5335        0.0000        8.4849        8.4849       7.951462       0.00533
  43   .001640        0.5335        0.0000        8.4849        8.4849       7.951461       0.00568
  42   .004480        0.5335        0.0000        8.4849        8.4849       7.951459       0.00605
  41    .01200        0.5335        0.0000        8.4849        8.4849       7.951453       0.00615
  40    .03000        0.5335        0.0000        8.4849        8.4849       7.951440       0.00604
  39    .06700        0.5335        0.0000        8.4849        8.4849       7.951414       0.00615
  38    0.1390        0.5335        0.0000        8.4848        8.4848       7.951361       0.00611
  37    0.2720        0.5335        0.0000        8.4847        8.4847       7.951265       0.00610
  36    0.5150        0.5335        0.0000        8.4846        8.4846       7.951086       0.00621
  35    0.9510        0.5335        0.0000        8.4842        8.4842       7.950718       0.00713
  34     1.290        0.5335        0.0000        8.4839        8.4839       7.950371       0.00864
  33     1.760        0.5335        0.0000        8.4833        8.4833       7.949796       0.01033
  32     2.410        0.5335        0.0000        8.4823        8.4823       7.948852       0.01225
  31     3.330        0.5335        0.0000        8.4808        8.4808       7.947338       0.01389
  30     4.640        0.5335        0.0000        8.4784        8.4784       7.944967       0.01528
  29     6.520        0.5335        0.0000        8.4748        8.4748       7.941352       0.01622
  28     9.300        0.5335        0.0000        8.4695        8.4695       7.936033       0.01615
  27     13.20        0.5335        0.0000        8.4621        8.4621       7.928588       0.01611
  26     19.07        0.5335        0.0000        8.4524        8.4524       7.918889       0.01394
  25     27.70        0.5335        0.0000        8.4405        8.4405       7.907031       0.01160
  24     32.20        0.5335        0.0000        8.4349        8.4349       7.901405       0.01055
  23     37.60        0.5335        0.0000        8.4283        8.4283       7.894794       0.01033
  22     43.70        0.5335        0.0000        8.4203        8.4203       7.886865       0.01097
  21     51.00        0.5335        0.0000        8.4106        8.4106       7.877087       0.01130
  20     59.50        0.5335        0.0000        8.3982        8.3983       7.864772       0.01223
  19     69.50        0.5335        0.0000        8.3826        8.3827       7.849179       0.01316
  18     81.20        0.5335        0.0000        8.3630        8.3630       7.829542       0.01416
  17     95.00        0.5335        0.0000        8.3387        8.3387       7.805170       0.01490
  16     111.0        0.5335        0.0000        8.3082        8.3082       7.774678       0.01608
  15     130.0        0.5336        0.0001        8.2719        8.2719       7.738355       0.01613
  14     153.0        0.5336        0.0001        8.2292        8.2293       7.695673       0.01566
  13     179.0        0.5337        0.0001        8.1802        8.1803       7.646561       0.01594
  12     209.0        0.5338        0.0001        8.1236        8.1237       7.589871       0.01595
  11     243.0        0.5341        0.0001        8.0515        8.0516       7.517515       0.01796
  10     281.0        0.5345        0.0001        7.9541        7.9542       7.419646       0.02174
   9     324.0        0.5353        0.0001        7.8317        7.8318       7.296496       0.02417
   8     372.0        0.5366        0.0001        7.6852        7.6853       7.148767       0.02597
   7     426.0        0.5385        0.0001        7.4936        7.4938       6.955304       0.03023
   6     487.0        0.5415        0.0002        7.2273        7.2274       6.685917       0.03727
   5     554.0        0.5462        0.0002        6.8716        6.8718       6.325607       0.04538
   4     628.0        0.5544        0.0002        6.4000        6.4002       5.845796       0.05472
   3     710.0        0.5686        0.0002        5.8529        5.8531       5.284489       0.05777
   2     802.0        0.5951        0.0002        5.2418        5.2420       4.646888       0.05849
   1     902.0        0.6482        0.0002        4.5569        4.5571       3.908869       0.06228
   0    1013.0        0.7699        0.0002        3.8493        3.8495       3.079620       0.06305



 Wavenumbers:  3250. -  4000. cm-1, ATM      1
 LEVEL PRESSURE   UPWARD FLUX   DIFDOWN FLUX  DIRDOWN FLUX  DOWNWARD FLUX   NET FLUX    HEATING RATE
          mb          W/m2          W/m2          W/m2        W/m2          W/m2       degree/day
  47   .000061        0.0007        0.0000       14.3032       14.3032      14.302556       0.00000
  46   .000117        0.0007        0.0000       14.3032       14.3032      14.302547       1.29582
  45   .000258        0.0007        0.0000       14.3032       14.3032      14.302510       2.24476
  44   .000625        0.0007        0.0000       14.3030       14.3030      14.302363       3.36337
  43   .001640        0.0007        0.0000       14.3026       14.3026      14.301881       4.00902
  42   .004480        0.0007        0.0000       14.3012       14.3012      14.300554       3.94373
  41    .01200        0.0007        0.0000       14.2983       14.2983      14.297669       3.23779
  40    .03000        0.0007        0.0000       14.2939       14.2939      14.293201       2.09488
  39    .06700        0.0007        0.0000       14.2884       14.2884      14.287751       1.24311
  38    0.1390        0.0007        0.0000       14.2808       14.2808      14.280137       0.89235
  37    0.2720        0.0007        0.0000       14.2698       14.2698      14.269134       0.69821
  36    0.5150        0.0007        0.0000       14.2556       14.2556      14.254942       0.49286
  35    0.9510        0.0007        0.0000       14.2359       14.2359      14.235241       0.38132
  34     1.290        0.0007        0.0000       14.2227       14.2227      14.222012       0.32934
  33     1.760        0.0007        0.0000       14.2070       14.2070      14.206299       0.28213
  32     2.410        0.0007        0.0000       14.1887       14.1887      14.188045       0.23700
  31     3.330        0.0007        0.0000       14.1673       14.1673      14.166645       0.19630
  30     4.640        0.0007        0.0000       14.1412       14.1412      14.140498       0.16844
  29     6.520        0.0007        0.0000       14.1067       14.1067      14.106003       0.15484
  28     9.300        0.0007        0.0000       14.0569       14.0569      14.056208       0.15116
  27     13.20        0.0007        0.0000       13.9811       13.9811      13.980425       0.16399
  26     19.07        0.0006        0.0000       13.8645       13.8645      13.863858       0.16759
  25     27.70        0.0006        0.0000       13.6883       13.6883      13.687710       0.17225
  24     32.20        0.0006        0.0000       13.5982       13.5983      13.597649       0.16890
  23     37.60        0.0006        0.0001       13.4972       13.4973      13.496651       0.15784
  22     43.70        0.0006        0.0001       13.3863       13.3863      13.385723       0.15347
  21     51.00        0.0006        0.0001       13.2672       13.2673      13.266646       0.13766
  20     59.50        0.0006        0.0001       13.1403       13.1404      13.139768       0.12597
  19     69.50        0.0006        0.0001       13.0047       13.0048      13.004207       0.11440
  18     81.20        0.0006        0.0001       12.8555       12.8556      12.855017       0.10761
  17     95.00        0.0006        0.0001       12.6868       12.6869      12.686327       0.10316
  16     111.0        0.0005        0.0001       12.4848       12.4849      12.484361       0.10653
  15     130.0        0.0005        0.0002       12.2553       12.2555      12.254962       0.10189
  14     153.0        0.0005        0.0002       11.9885       11.9887      11.988176       0.09789
  13     179.0        0.0005        0.0002       11.6655       11.6657      11.665260       0.10481
  12     209.0        0.0004        0.0002       11.1685       11.1687      11.168318       0.13979
  11     243.0        0.0004        0.0003       10.3846       10.3849      10.384473       0.19456
  10     281.0        0.0004        0.0003        9.2428        9.2430       9.242691       0.25357
   9     324.0        0.0003        0.0003        7.9766        7.9769       7.976573       0.24849
   8     372.0        0.0003        0.0002        6.7420        6.7422       6.741901       0.21707
   7     426.0        0.0003        0.0002        5.5522        5.5525       5.552173       0.18593
   6     487.0        0.0003        0.0002        4.5049        4.5051       4.504881       0.14489
   5     554.0        0.0003        0.0002        3.5616        3.5617       3.561487       0.11883
   4     628.0        0.0003        0.0001        2.6406        2.6408       2.640511       0.10503
   3     710.0        0.0004        0.0001        1.7388        1.7389       1.738514       0.09283
   2     802.0        0.0006        0.0001        0.9512        0.9512       0.950577       0.07228
   1     902.0        0.0021        0.0000        0.3879        0.3880       0.385873       0.04766
   0    1013.0        0.0173        0.0000        0.0867        0.0867       0.069325       0.02407



 Wavenumbers:  4000. -  4650. cm-1, ATM      1
 LEVEL PRESSURE   UPWARD FLUX   DIFDOWN FLUX  DIRDOWN FLUX  DOWNWARD FLUX   NET FLUX    HEATING RATE
          mb          W/m2          W/m2          W/m2        W/m2          W/m2       degree/day
  47   .000061        2.0239        0.0000       16.7953       16.7953      14.771428       0.00000
  46   .000117        2.0239        0.0000       16.7953       16.7953      14.771428       0.00058
  45   .000258        2.0239        0.0000       16.7953       16.7953      14.771428       0.00062
  44   .000625        2.0239        0.0000       16.7953       16.7953      14.771428       0.00067
  43   .001640        2.0239        0.0000       16.7953       16.7953      14.771428       0.00071
  42   .004480        2.0239        0.0000       16.7953       16.7953      14.771428       0.00075
  41    .01200        2.0239        0.0000       16.7953       16.7953      14.771427       0.00077
  40    .03000        2.0239        0.0000       16.7953       16.7953      14.771425       0.00075
  39    .06700        2.0239        0.0000       16.7953       16.7953      14.771422       0.00077
  38    0.1390        2.0239        0.0000       16.7953       16.7953      14.771416       0.00076
  37    0.2720        2.0239        0.0000       16.7953       16.7953      14.771403       0.00076
  36    0.5150        2.0239        0.0000       16.7953       16.7953      14.771381       0.00078
  35    0.9510        2.0239        0.0000       16.7952       16.7952      14.771335       0.00089
  34     1.290        2.0239        0.0000       16.7952       16.7952      14.771291       0.00109
  33     1.760        2.0239        0.0000       16.7951       16.7951      14.771218       0.00131
  32     2.410        2.0239        0.0000       16.7950       16.7950      14.771096       0.00158
  31     3.330        2.0239        0.0000       16.7948       16.7948      14.770895       0.00184
  30     4.640        2.0239        0.0000       16.7944       16.7944      14.770568       0.00211
  29     6.520        2.0239        0.0000       16.7939       16.7939      14.770036       0.00239
  28     9.300        2.0239        0.0000       16.7930       16.7930      14.769170       0.00263
  27     13.20        2.0238        0.0001       16.7915       16.7916      14.767754       0.00306
  26     19.07        2.0238        0.0001       16.7892       16.7893      14.765431       0.00334
  25     27.70        2.0238        0.0001       16.7853       16.7854      14.761615       0.00373
  24     32.20        2.0238        0.0001       16.7831       16.7832      14.759403       0.00415
  23     37.60        2.0238        0.0001       16.7802       16.7803      14.756538       0.00448
  22     43.70        2.0238        0.0002       16.7765       16.7766      14.752864       0.00508
  21     51.00        2.0238        0.0002       16.7718       16.7720      14.748207       0.00538
  20     59.50        2.0238        0.0002       16.7659       16.7662      14.742392       0.00577
  19     69.50        2.0238        0.0003       16.7587       16.7590      14.735252       0.00603
  18     81.20        2.0238        0.0003       16.7501       16.7504      14.726601       0.00624
  17     95.00        2.0238        0.0004       16.7396       16.7400      14.716225       0.00635
  16     111.0        2.0238        0.0004       16.7268       16.7273      14.703424       0.00675
  15     130.0        2.0239        0.0005       16.7116       16.7121      14.688216       0.00675
  14     153.0        2.0240        0.0006       16.6934       16.6940      14.669981       0.00669
  13     179.0        2.0241        0.0007       16.6713       16.6720      14.647842       0.00719
  12     209.0        2.0244        0.0008       16.6433       16.6441      14.619700       0.00792
  11     243.0        2.0250        0.0010       16.6026       16.6035      14.578550       0.01021
  10     281.0        2.0260        0.0011       16.5374       16.5385      14.512436       0.01468
   9     324.0        2.0278        0.0013       16.4430       16.4443      14.416462       0.01884
   8     372.0        2.0305        0.0014       16.3117       16.3132      14.282685       0.02352
   7     426.0        2.0342        0.0016       16.1181       16.1197      14.085490       0.03082
   6     487.0        2.0394        0.0018       15.8458       15.8477      13.808293       0.03835
   5     554.0        2.0468        0.0020       15.5052       15.5072      13.460430       0.04382
   4     628.0        2.0587        0.0022       15.0902       15.0924      13.033766       0.04866
   3     710.0        2.0794        0.0024       14.5525       14.5549      12.475448       0.05746
   2     802.0        2.1185        0.0026       13.7853       13.7879      11.669400       0.07394
   1     902.0        2.1962        0.0027       12.8224       12.8251      10.628815       0.08782
   0    1013.0        2.3683        0.0028       11.8386       11.8415       9.473169       0.08786



 Wavenumbers:  4650. -  5150. cm-1, ATM      1
 LEVEL PRESSURE   UPWARD FLUX   DIFDOWN FLUX  DIRDOWN FLUX  DOWNWARD FLUX   NET FLUX    HEATING RATE
          mb          W/m2          W/m2          W/m2        W/m2          W/m2       degree/day
  47   .000061        1.4730        0.0000       15.8958       15.8958      14.422767       0.00000
  46   .000117        1.4730        0.0000       15.8958       15.8958      14.422767       0.04730
  45   .000258        1.4730        0.0000       15.8958       15.8958      14.422766       0.08268
  44   .000625        1.4730        0.0000       15.8958       15.8958      14.422760       0.12507
  43   .001640        1.4730        0.0000       15.8958       15.8958      14.422742       0.15294
  42   .004480        1.4730        0.0000       15.8957       15.8957      14.422687       0.16336
  41    .01200        1.4730        0.0000       15.8956       15.8956      14.422539       0.16583
  40    .03000        1.4730        0.0000       15.8952       15.8952      14.422188       0.16460
  39    .06700        1.4730        0.0000       15.8945       15.8945      14.421455       0.16719
  38    0.1390        1.4730        0.0000       15.8931       15.8931      14.420053       0.16428
  37    0.2720        1.4730        0.0000       15.8905       15.8905      14.417519       0.16083
  36    0.5150        1.4730        0.0000       15.8861       15.8861      14.413111       0.15306
  35    0.9510        1.4730        0.0000       15.8787       15.8787      14.405714       0.14319
  34     1.290        1.4730        0.0000       15.8735       15.8735      14.400437       0.13135
  33     1.760        1.4730        0.0000       15.8668       15.8668      14.393758       0.11992
  32     2.410        1.4730        0.0000       15.8585       15.8585      14.385479       0.10749
  31     3.330        1.4730        0.0000       15.8485       15.8486      14.375552       0.09106
  30     4.640        1.4730        0.0000       15.8371       15.8372      14.364154       0.07343
  29     6.520        1.4730        0.0000       15.8247       15.8247      14.351712       0.05585
  28     9.300        1.4730        0.0001       15.8114       15.8114      14.338447       0.04027
  27     13.20        1.4730        0.0001       15.7965       15.7966      14.323626       0.03207
  26     19.07        1.4730        0.0001       15.7769       15.7770      14.304051       0.02814
  25     27.70        1.4730        0.0002       15.7456       15.7458      14.272793       0.03057
  24     32.20        1.4730        0.0002       15.7275       15.7276      14.254680       0.03397
  23     37.60        1.4730        0.0002       15.7047       15.7050      14.231983       0.03547
  22     43.70        1.4730        0.0003       15.6763       15.6766      14.203573       0.03930
  21     51.00        1.4730        0.0003       15.6410       15.6413      14.168264       0.04082
  20     59.50        1.4730        0.0004       15.5974       15.5977      14.124669       0.04328
  19     69.50        1.4731        0.0004       15.5440       15.5444      14.071317       0.04502
  18     81.20        1.4732        0.0005       15.4797       15.4802      14.007008       0.04639
  17     95.00        1.4733        0.0006       15.4036       15.4041      13.930825       0.04659
  16     111.0        1.4735        0.0006       15.3153       15.3160      13.842519       0.04658
  15     130.0        1.4737        0.0008       15.2155       15.2162      13.742518       0.04442
  14     153.0        1.4740        0.0009       15.1044       15.1053      13.631245       0.04083
  13     179.0        1.4745        0.0010       14.9836       14.9847      13.510150       0.03931
  12     209.0        1.4752        0.0012       14.8558       14.8569      13.381769       0.03611
  11     243.0        1.4761        0.0014       14.7196       14.7210      13.244815       0.03399
  10     281.0        1.4777        0.0015       14.5662       14.5677      13.090011       0.03438
   9     324.0        1.4803        0.0018       14.3842       14.3859      12.905652       0.03618
   8     372.0        1.4840        0.0020       14.1655       14.1674      12.683430       0.03907
   7     426.0        1.4895        0.0022       13.8940       13.8963      12.406791       0.04323
   6     487.0        1.4975        0.0025       13.5507       13.5531      12.055670       0.04858
   5     554.0        1.5093        0.0027       13.1181       13.1208      11.611556       0.05594
   4     628.0        1.5276        0.0030       12.5659       12.5689      11.041291       0.06503
   3     710.0        1.5576        0.0032       11.8773       11.8804      10.322838       0.07394
   2     802.0        1.6087        0.0033       11.0752       11.0786       9.469862       0.07824
   1     902.0        1.7011        0.0035       10.2086       10.2121       8.510953       0.08092
   0    1013.0        1.8719        0.0036        9.3558        9.3594       7.487496       0.07781



 Wavenumbers:  5150. -  6150. cm-1, ATM      1
 LEVEL PRESSURE   UPWARD FLUX   DIFDOWN FLUX  DIRDOWN FLUX  DOWNWARD FLUX   NET FLUX    HEATING RATE
          mb          W/m2          W/m2          W/m2        W/m2          W/m2       degree/day
  47   .000061        3.5750        0.0000       39.8484       39.8484      36.273435       0.00000
  46   .000117        3.5750        0.0000       39.8484       39.8484      36.273435       0.00284
  45   .000258        3.5750        0.0000       39.8484       39.8484      36.273435       0.00327
  44   .000625        3.5750        0.0000       39.8484       39.8484      36.273435       0.00412
  43   .001640        3.5750        0.0000       39.8484       39.8484      36.273434       0.00599
  42   .004480        3.5750        0.0000       39.8484       39.8484      36.273431       0.00921
  41    .01200        3.5750        0.0000       39.8484       39.8484      36.273419       0.01420
  40    .03000        3.5750        0.0000       39.8484       39.8484      36.273375       0.02032
  39    .06700        3.5750        0.0000       39.8483       39.8483      36.273256       0.02708
  38    0.1390        3.5750        0.0000       39.8480       39.8480      36.272978       0.03262
  37    0.2720        3.5750        0.0000       39.8474       39.8474      36.272384       0.03772
  36    0.5150        3.5750        0.0000       39.8462       39.8462      36.271203       0.04100
  35    0.9510        3.5750        0.0000       39.8439       39.8440      36.268984       0.04294
  34     1.290        3.5750        0.0000       39.8422       39.8422      36.267252       0.04314
  33     1.760        3.5750        0.0000       39.8398       39.8399      36.264886       0.04248
  32     2.410        3.5750        0.0001       39.8365       39.8366      36.261657       0.04192
  31     3.330        3.5749        0.0001       39.8321       39.8322      36.257284       0.04011
  30     4.640        3.5749        0.0001       39.8261       39.8262      36.251298       0.03856
  29     6.520        3.5749        0.0002       39.8177       39.8178      36.242955       0.03745
  28     9.300        3.5748        0.0003       39.8059       39.8061      36.231270       0.03547
  27     13.20        3.5748        0.0004       39.7896       39.7900      36.215171       0.03484
  26     19.07        3.5747        0.0005       39.7677       39.7682      36.193500       0.03116
  25     27.70        3.5746        0.0008       39.7388       39.7395      36.164910       0.02796
  24     32.20        3.5745        0.0009       39.7250       39.7259      36.151342       0.02545
  23     37.60        3.5745        0.0010       39.7100       39.7110      36.136532       0.02315
  22     43.70        3.5744        0.0012       39.6938       39.6950      36.120533       0.02213
  21     51.00        3.5744        0.0014       39.6763       39.6777      36.103295       0.01993
  20     59.50        3.5743        0.0016       39.6572       39.6588      36.084520       0.01864
  19     69.50        3.5743        0.0019       39.6363       39.6382      36.063957       0.01735
  18     81.20        3.5742        0.0022       39.6133       39.6155      36.041249       0.01638
  17     95.00        3.5741        0.0026       39.5872       39.5898      36.015629       0.01567
  16     111.0        3.5741        0.0030       39.5575       39.5605      35.986370       0.01543
  15     130.0        3.5740        0.0035       39.5234       39.5269      35.952926       0.01485
  14     153.0        3.5739        0.0041       39.4780       39.4821      35.908126       0.01644
  13     179.0        3.5739        0.0048       39.4065       39.4113      35.837390       0.02296
  12     209.0        3.5738        0.0056       39.2423       39.2479      35.674071       0.04594
  11     243.0        3.5739        0.0064       38.8028       38.8091      35.235286       0.10891
  10     281.0        3.5741        0.0072       37.7674       37.7746      34.200547       0.22980
   9     324.0        3.5746        0.0080       36.3647       36.3727      32.798107       0.27524
   8     372.0        3.5755        0.0088       34.8484       34.8572      31.281727       0.26660
   7     426.0        3.5770        0.0095       32.9632       32.9727      29.395740       0.29474
   6     487.0        3.5796        0.0101       30.8219       30.8321      27.252528       0.29651
   5     554.0        3.5840        0.0108       28.6002       28.6110      25.027008       0.28032
   4     628.0        3.5925        0.0114       26.3385       26.3499      22.757326       0.25884
   3     710.0        3.6102        0.0120       24.3016       24.3136      20.703385       0.21138
   2     802.0        3.6486        0.0128       22.6775       22.6904      19.041776       0.15242
   1     902.0        3.7370        0.0136       21.2890       21.3026      17.565603       0.12458
   0    1013.0        3.9744        0.0143       19.8579       19.8722      15.897753       0.12680



 Wavenumbers:  6150. -  7700. cm-1, ATM      1
 LEVEL PRESSURE   UPWARD FLUX   DIFDOWN FLUX  DIRDOWN FLUX  DOWNWARD FLUX   NET FLUX    HEATING RATE
          mb          W/m2          W/m2          W/m2        W/m2          W/m2       degree/day
  47   .000061        5.3978        0.0000       73.7108       73.7108      68.312965       0.00000
  46   .000117        5.3978        0.0000       73.7108       73.7108      68.312965       0.00609
  45   .000258        5.3978        0.0000       73.7108       73.7108      68.312965       0.00890
  44   .000625        5.3978        0.0000       73.7108       73.7108      68.312965       0.01264
  43   .001640        5.3978        0.0000       73.7108       73.7108      68.312963       0.01643
  42   .004480        5.3978        0.0000       73.7108       73.7108      68.312956       0.02041
  41    .01200        5.3978        0.0000       73.7108       73.7108      68.312933       0.02568
  40    .03000        5.3978        0.0000       73.7107       73.7107      68.312865       0.03201
  39    .06700        5.3978        0.0000       73.7105       73.7105      68.312692       0.03940
  38    0.1390        5.3978        0.0000       73.7101       73.7101      68.312305       0.04530
  37    0.2720        5.3978        0.0000       73.7093       73.7093      68.311504       0.05086
  36    0.5150        5.3978        0.0001       73.7077       73.7077      68.309938       0.05440
  35    0.9510        5.3977        0.0001       73.7046       73.7047      68.307012       0.05663
  34     1.290        5.3977        0.0001       73.7023       73.7024      68.304729       0.05683
  33     1.760        5.3977        0.0002       73.6991       73.6993      68.301610       0.05601
  32     2.410        5.3976        0.0003       73.6947       73.6949      68.297337       0.05547
  31     3.330        5.3975        0.0004       73.6886       73.6890      68.291510       0.05345
  30     4.640        5.3974        0.0005       73.6803       73.6808      68.283474       0.05177
  29     6.520        5.3972        0.0007       73.6687       73.6694      68.272203       0.05059
  28     9.300        5.3969        0.0010       73.6522       73.6532      68.256276       0.04835
  27     13.20        5.3966        0.0015       73.6291       73.6306      68.234013       0.04818
  26     19.07        5.3960        0.0022       73.5972       73.5994      68.203361       0.04407
  25     27.70        5.3952        0.0031       73.5537       73.5568      68.161652       0.04079
  24     32.20        5.3947        0.0036       73.5325       73.5361      68.141353       0.03807
  23     37.60        5.3942        0.0042       73.5088       73.5131      68.118821       0.03521
  22     43.70        5.3936        0.0049       73.4827       73.4877      68.094018       0.03432
  21     51.00        5.3930        0.0057       73.4540       73.4597      68.066771       0.03150
  20     59.50        5.3921        0.0067       73.4220       73.4287      68.036577       0.02998
  19     69.50        5.3912        0.0078       73.3864       73.3942      68.002991       0.02834
  18     81.20        5.3901        0.0091       73.3462       73.3554      67.965287       0.02720
  17     95.00        5.3888        0.0107       73.3004       73.3111      67.922322       0.02627
  16     111.0        5.3872        0.0125       73.2475       73.2600      67.872762       0.02614
  15     130.0        5.3854        0.0146       73.1863       73.2009      67.815431       0.02546
  14     153.0        5.3833        0.0170       73.1060       73.1230      67.739683       0.02779
  13     179.0        5.3809        0.0199       72.9838       73.0037      67.622844       0.03792
  12     209.0        5.3781        0.0232       72.7139       72.7370      67.358919       0.07424
  11     243.0        5.3751        0.0267       72.0490       72.0756      66.700485       0.16343
  10     281.0        5.3722        0.0302       70.6280       70.6581      65.285972       0.31414
   9     324.0        5.3695        0.0336       68.3061       68.3397      62.970149       0.45450
   8     372.0        5.3675        0.0370       65.6267       65.6637      60.296236       0.47012
   7     426.0        5.3669        0.0403       62.4765       62.5168      57.149905       0.49171
   6     487.0        5.3690        0.0431       58.6602       58.7033      53.334334       0.52787
   5     554.0        5.3761        0.0456       54.4492       54.4948      49.118705       0.53099
   4     628.0        5.3947        0.0474       49.7625       49.8099      44.415146       0.53641
   3     710.0        5.4389        0.0487       44.8417       44.8904      39.451415       0.51085
   2     802.0        5.5393        0.0495       40.0414       40.0909      34.551582       0.44946
   1     902.0        5.7692        0.0500       35.6177       35.6678      29.898619       0.39267
   0    1013.0        6.3629        0.0507       31.7640       31.8147      25.451725       0.33809



 Wavenumbers:  7700. -  8050. cm-1, ATM      1
 LEVEL PRESSURE   UPWARD FLUX   DIFDOWN FLUX  DIRDOWN FLUX  DOWNWARD FLUX   NET FLUX    HEATING RATE
          mb          W/m2          W/m2          W/m2        W/m2          W/m2       degree/day
  47   .000061        2.8644        0.0000       17.4216       17.4216      14.557188       0.00000
  46   .000117        2.8644        0.0000       17.4216       17.4216      14.557188       0.01026
  45   .000258        2.8644        0.0000       17.4216       17.4216      14.557188       0.01143
  44   .000625        2.8644        0.0000       17.4216       17.4216      14.557187       0.01284
  43   .001640        2.8644        0.0000       17.4216       17.4216      14.557185       0.01374
  42   .004480        2.8644        0.0000       17.4216       17.4216      14.557181       0.01435
  41    .01200        2.8644        0.0000       17.4216       17.4216      14.557167       0.01487
  40    .03000        2.8644        0.0000       17.4216       17.4216      14.557136       0.01488
  39    .06700        2.8644        0.0000       17.4215       17.4215      14.557069       0.01518
  38    0.1390        2.8645        0.0000       17.4214       17.4214      14.556940       0.01512
  37    0.2720        2.8645        0.0000       17.4212       17.4212      14.556701       0.01516
  36    0.5150        2.8645        0.0000       17.4208       17.4208      14.556267       0.01507
  35    0.9510        2.8646        0.0000       17.4200       17.4201      14.555484       0.01516
  34     1.290        2.8646        0.0001       17.4194       17.4195      14.554877       0.01510
  33     1.760        2.8647        0.0001       17.4186       17.4187      14.554043       0.01498
  32     2.410        2.8648        0.0001       17.4175       17.4177      14.552877       0.01513
  31     3.330        2.8649        0.0002       17.4160       17.4162      14.551236       0.01505
  30     4.640        2.8651        0.0002       17.4138       17.4140      14.548904       0.01502
  29     6.520        2.8654        0.0003       17.4106       17.4110      14.545562       0.01500
  28     9.300        2.8658        0.0004       17.4061       17.4065      14.540712       0.01472
  27     13.20        2.8664        0.0006       17.3994       17.4000      14.533656       0.01527
  26     19.07        2.8672        0.0009       17.3897       17.3906      14.523339       0.01483
  25     27.70        2.8685        0.0013       17.3754       17.3767      14.508162       0.01484
  24     32.20        2.8692        0.0015       17.3679       17.3694      14.500260       0.01482
  23     37.60        2.8700        0.0018       17.3592       17.3610      14.491026       0.01443
  22     43.70        2.8709        0.0021       17.3491       17.3511      14.480242       0.01492
  21     51.00        2.8720        0.0024       17.3372       17.3396      14.467651       0.01456
  20     59.50        2.8733        0.0028       17.3234       17.3262      14.452932       0.01461
  19     69.50        2.8748        0.0033       17.3072       17.3105      14.435721       0.01452
  18     81.20        2.8765        0.0038       17.2883       17.2921      14.415600       0.01451
  17     95.00        2.8786        0.0045       17.2663       17.2707      14.392085       0.01438
  16     111.0        2.8811        0.0052       17.2406       17.2458      14.364695       0.01445
  15     130.0        2.8841        0.0061       17.2109       17.2170      14.332886       0.01413
  14     153.0        2.8876        0.0071       17.1763       17.1834      14.295846       0.01359
  13     179.0        2.8917        0.0083       17.1362       17.1445      14.252802       0.01397
  12     209.0        2.8966        0.0097       17.0906       17.1004      14.203772       0.01379
  11     243.0        2.9022        0.0113       17.0398       17.0510      14.148859       0.01363
  10     281.0        2.9086        0.0130       16.9831       16.9961      14.087498       0.01363
   9     324.0        2.9161        0.0149       16.9202       16.9351      14.018972       0.01345
   8     372.0        2.9249        0.0171       16.8503       16.8674      13.942493       0.01345
   7     426.0        2.9351        0.0195       16.7725       16.7920      13.856856       0.01338
   6     487.0        2.9473        0.0221       16.6855       16.7076      13.760276       0.01336
   5     554.0        2.9620        0.0250       16.5874       16.6124      13.650476       0.01383
   4     628.0        2.9801        0.0282       16.4744       16.5026      13.522434       0.01460
   3     710.0        3.0037        0.0316       16.3394       16.3710      13.367323       0.01596
   2     802.0        3.0357        0.0352       16.1721       16.2074      13.171708       0.01794
   1     902.0        3.0810        0.0391       15.9596       15.9987      12.917664       0.02144
   0    1013.0        3.1468        0.0431       15.6909       15.7340      12.587198       0.02512



 Wavenumbers:  8050. - 12850. cm-1, ATM      1
 LEVEL PRESSURE   UPWARD FLUX   DIFDOWN FLUX  DIRDOWN FLUX  DOWNWARD FLUX   NET FLUX    HEATING RATE
          mb          W/m2          W/m2          W/m2        W/m2          W/m2       degree/day
  47   .000061       35.3853        0.0000      243.9595      243.9595     208.574183       0.00000
  46   .000117       35.3853        0.0000      243.9595      243.9595     208.574183       0.00000
  45   .000258       35.3853        0.0000      243.9595      243.9595     208.574183       0.00000
  44   .000625       35.3853        0.0000      243.9595      243.9595     208.574183       0.00000
  43   .001640       35.3853        0.0000      243.9595      243.9595     208.574183      -0.00000
  42   .004480       35.3853        0.0000      243.9594      243.9595     208.574183       0.00000
  41    .01200       35.3853        0.0000      243.9594      243.9594     208.574183       0.00000
  40    .03000       35.3852        0.0001      243.9593      243.9594     208.574183      -0.00000
  39    .06700       35.3852        0.0002      243.9592      243.9593     208.574183       0.00000
  38    0.1390       35.3850        0.0003      243.9589      243.9592     208.574183       0.00000
  37    0.2720       35.3848        0.0006      243.9584      243.9590     208.574183      -0.00000
  36    0.5150       35.3844        0.0012      243.9574      243.9586     208.574183      -0.00000
  35    0.9510       35.3837        0.0022      243.9557      243.9579     208.574183       0.00000
  34     1.290       35.3831        0.0030      243.9544      243.9573     208.574183       0.00000
  33     1.760       35.3824        0.0040      243.9525      243.9566     208.574183      -0.00000
  32     2.410       35.3813        0.0055      243.9499      243.9555     208.574183      -0.00000
  31     3.330       35.3798        0.0077      243.9463      243.9540     208.574183       0.00000
  30     4.640       35.3776        0.0106      243.9412      243.9518     208.574183       0.00000
  29     6.520       35.3746        0.0150      243.9338      243.9487     208.574183      -0.00000
  28     9.300       35.3701        0.0212      243.9231      243.9443     208.574183       0.00000
  27     13.20       35.3636        0.0303      243.9074      243.9377     208.574183       0.00000
  26     19.07       35.3540        0.0436      243.8845      243.9282     208.574183       0.00000
  25     27.70       35.3399        0.0633      243.8507      243.9141     208.574183       0.00000
  24     32.20       35.3325        0.0736      243.8331      243.9067     208.574183      -0.00000
  23     37.60       35.3239        0.0856      243.8124      243.8981     208.574183       0.00000
  22     43.70       35.3138        0.0997      243.7882      243.8880     208.574183      -0.00000
  21     51.00       35.3019        0.1162      243.7599      243.8761     208.574183       0.00000
  20     59.50       35.2881        0.1356      243.7267      243.8622     208.574183       0.00000
  19     69.50       35.2717        0.1583      243.6876      243.8459     208.574183       0.00000
  18     81.20       35.2526        0.1850      243.6418      243.8268     208.574183       0.00000
  17     95.00       35.2301        0.2163      243.5880      243.8043     208.574183       0.00000
  16     111.0       35.2038        0.2530      243.5196      243.7726     208.568779       0.00285
  15     130.0       35.1730        0.2959      243.4394      243.7353     208.562283       0.00289
  14     153.0       35.1369        0.3462      243.3434      243.6897     208.552831       0.00347
  13     179.0       35.0945        0.4053      243.2251      243.6304     208.535882       0.00550
  12     209.0       35.0458        0.4731      243.0588      243.5318     208.485987       0.01404
  11     243.0       34.9912        0.5495      242.7441      243.2936     208.302410       0.04557
  10     281.0       34.9309        0.6348      242.0850      242.7198     207.788943       0.11403
   9     324.0       34.8658        0.7296      241.0260      241.7556     206.889750       0.17647
   8     372.0       34.7971        0.8345      239.6486      240.4831     205.686070       0.21163
   7     426.0       34.7276        0.9493      237.7692      238.7185     203.990805       0.26494
   6     487.0       34.6632        1.0735      235.1282      236.2018     201.538550       0.33926
   5     554.0       34.6139        1.2065      231.5416      232.7481     198.134222       0.42880
   4     628.0       34.6079        1.3446      226.4268      227.7713     193.163424       0.56688
   3     710.0       34.7046        1.4837      219.3255      220.8092     186.104642       0.72646
   2     802.0       35.0291        1.6195      210.2028      211.8223     176.793157       0.85414
   1     902.0       35.8524        1.7474      199.3024      201.0498     165.197467       0.97858
   0    1013.0       37.8591        1.8694      187.4263      189.2957     151.436595       1.04622



 Wavenumbers: 12850. - 16000. cm-1, ATM      1
 LEVEL PRESSURE   UPWARD FLUX   DIFDOWN FLUX  DIRDOWN FLUX  DOWNWARD FLUX   NET FLUX    HEATING RATE
          mb          W/m2          W/m2          W/m2        W/m2          W/m2       degree/day
  47   .000061       28.5132        0.0000      152.8652      152.8652     124.351975       0.00000
  46   .000117       28.5132        0.0000      152.8652      152.8652     124.351973       0.39580
  45   .000258       28.5132        0.0000      152.8652      152.8652     124.351965       0.45410
  44   .000625       28.5132        0.0000      152.8652      152.8652     124.351942       0.52509
  43   .001640       28.5132        0.0000      152.8651      152.8651     124.351874       0.56956
  42   .004480       28.5132        0.0000      152.8649      152.8649     124.351677       0.58542
  41    .01200       28.5132        0.0001      152.8643      152.8644     124.351158       0.58209
  40    .03000       28.5132        0.0001      152.8629      152.8631     124.349943       0.56964
  39    .06700       28.5130        0.0003      152.8601      152.8604     124.347404       0.57917
  38    0.1390       28.5129        0.0007      152.8546      152.8553     124.342455       0.58007
  37    0.2720       28.5126        0.0014      152.8445      152.8459     124.333286       0.58179
  36    0.5150       28.5123        0.0026      152.8268      152.8293     124.317012       0.56519
  35    0.9510       28.5123        0.0048      152.7964      152.8012     124.288859       0.54492
  34     1.290       28.5127        0.0064      152.7738      152.7802     124.267553       0.53039
  33     1.760       28.5137        0.0088      152.7432      152.7520     124.238215       0.52679
  32     2.410       28.5164        0.0120      152.7001      152.7121     124.195708       0.55188
  31     3.330       28.5221        0.0166      152.6365      152.6531     124.131036       0.59324
  30     4.640       28.5328        0.0231      152.5416      152.5647     124.031955       0.63829
  29     6.520       28.5499        0.0324      152.4045      152.4369     123.887017       0.65061
  28     9.300       28.5736        0.0459      152.2162      152.2621     123.688482       0.60269
  27     13.20       28.6028        0.0654      151.9687      152.0341     123.431322       0.55646
  26     19.07       28.6372        0.0940      151.6457      151.7398     123.102587       0.47261
  25     27.70       28.6747        0.1361      151.2308      151.3669     122.692197       0.40131
  24     32.20       28.6882        0.1580      151.0415      151.1995     122.511287       0.33927
  23     37.60       28.6989        0.1836      150.8432      151.0269     122.327932       0.28655
  22     43.70       28.7067        0.2136      150.6328      150.8464     122.139699       0.26041
  21     51.00       28.7107        0.2487      150.4103      150.6590     121.948268       0.22130
  20     59.50       28.7100        0.2897      150.1749      150.4647     121.754623       0.19226
  19     69.50       28.7027        0.3379      149.9299      150.2678     121.565052       0.15998
  18     81.20       28.6856        0.3944      149.6827      150.0771     121.391439       0.12523
  17     95.00       28.6579        0.4607      149.4307      149.8914     121.233554       0.09655
  16     111.0       28.6251        0.5387      149.1584      149.6971     121.071974       0.08522
  15     130.0       28.5835        0.6298      148.8589      149.4887     120.905162       0.07409
  14     153.0       28.5316        0.7363      148.5242      149.2605     120.728929       0.06466
  13     179.0       28.4660        0.8609      148.1517      149.0126     120.546607       0.05918
  12     209.0       28.3850        1.0037      147.7415      148.7452     120.360101       0.05247
  11     243.0       28.2904        1.1646      147.2832      148.4478     120.157391       0.05031
  10     281.0       28.1816        1.3449      146.7653      148.1101     119.928563       0.05082
   9     324.0       28.0584        1.5461      146.1738      147.7199     119.661411       0.05243
   8     372.0       27.9213        1.7698      145.4975      147.2673     119.345987       0.05546
   7     426.0       27.7705        2.0173      144.7214      146.7387     118.968217       0.05904
   6     487.0       27.6076        2.2904      143.8224      146.1128     118.505167       0.06406
   5     554.0       27.4357        2.5900      142.7693      145.3592     117.923570       0.07326
   4     628.0       27.2658        2.9159      141.4825      144.3984     117.132562       0.09021
   3     710.0       27.1155        3.2657      139.8689      143.1346     116.019042       0.11460
   2     802.0       27.0195        3.6348      137.8055      141.4403     114.420807       0.14661
   1     902.0       27.0424        4.0178      135.1716      139.1894     112.147012       0.19189
   0    1013.0       27.2810        4.4122      131.9927      136.4050     109.123962       0.22984



 Wavenumbers: 16000. - 22650. cm-1, ATM      1
 LEVEL PRESSURE   UPWARD FLUX   DIFDOWN FLUX  DIRDOWN FLUX  DOWNWARD FLUX   NET FLUX    HEATING RATE
          mb          W/m2          W/m2          W/m2        W/m2          W/m2       degree/day
  47   .000061       57.2877        0.0000      243.6950      243.6950     186.407289       0.00000
  46   .000117       57.2877        0.0000      243.6950      243.6950     186.407289       0.02474
  45   .000258       57.2877        0.0000      243.6950      243.6950     186.407288       0.06144
  44   .000625       57.2877        0.0000      243.6950      243.6950     186.407283       0.11214
  43   .001640       57.2877        0.0000      243.6949      243.6949     186.407266       0.14416
  42   .004480       57.2876        0.0001      243.6947      243.6949     186.407223       0.12568
  41    .01200       57.2875        0.0003      243.6944      243.6947     186.407167       0.06317
  40    .03000       57.2873        0.0008      243.6935      243.6944     186.407088       0.03700
  39    .06700       57.2867        0.0019      243.6917      243.6936     186.406838       0.05719
  38    0.1390       57.2858        0.0039      243.6877      243.6916     186.405850       0.11581
  37    0.2720       57.2843        0.0076      243.6794      243.6870     186.402621       0.20488
  36    0.5150       57.2824        0.0144      243.6620      243.6763     186.393941       0.30144
  35    0.9510       57.2806        0.0266      243.6248      243.6513     186.370730       0.44927
  34     1.290       57.2808        0.0360      243.5910      243.6270     186.346200       0.61064
  33     1.760       57.2831        0.0490      243.5375      243.5865     186.303347       0.76946
  32     2.410       57.2906        0.0671      243.4490      243.5162     186.225568       1.00983
  31     3.330       57.3086        0.0927      243.2998      243.3925     186.083836       1.30010
  30     4.640       57.3442        0.1289      243.0557      243.1846     185.840384       1.56834
  29     6.520       57.4020        0.1808      242.6844      242.8651     185.463190       1.69319
  28     9.300       57.4813        0.2559      242.1624      242.4183     184.936917       1.59759
  27     13.20       57.5771        0.3649      241.4708      241.8357     184.258576       1.46785
  26     19.07       57.6858        0.5241      240.5667      241.0908     183.404983       1.22719
  25     27.70       57.7962        0.7579      239.4038      240.1617     182.365495       1.01650
  24     32.20       57.8310        0.8795      238.8728      239.7523     181.921262       0.83310
  23     37.60       57.8524        1.0217      238.3147      239.3363     181.483983       0.68338
  22     43.70       57.8594        1.1878      237.7202      238.9079     181.048552       0.60241
  21     51.00       57.8482        1.3817      237.0872      238.4689     180.620735       0.49458
  20     59.50       57.8148        1.6087      236.4106      238.0193     180.204501       0.41325
  19     69.50       57.7510        1.8744      235.6952      237.5695     179.818482       0.32577
  18     81.20       57.6442        2.1857      234.9563      237.1420     179.497737       0.23135
  17     95.00       57.4897        2.5503      234.1803      236.7306     179.240877       0.15708
  16     111.0       57.2925        2.9756      233.3250      236.3007     179.008211       0.12272
  15     130.0       57.0514        3.4701      232.3598      235.8300     178.778556       0.10200
  14     153.0       56.7590        4.0466      231.2605      235.3071     178.548081       0.08457
  13     179.0       56.4012        4.7175      230.0223      234.7399     178.338622       0.06799
  12     209.0       55.9725        5.4829      228.6570      234.1399     178.167392       0.04817
  11     243.0       55.4766        6.3398      227.1545      233.4943     178.017650       0.03717
  10     281.0       54.9083        7.2940      225.5017      232.7957     177.887417       0.02892
   9     324.0       54.2624        8.3515      223.6812      232.0326     177.770183       0.02301
   8     372.0       53.5341        9.5177      221.6734      231.1911     177.656988       0.01990
   7     426.0       52.7163       10.7975      219.4642      230.2617     177.545458       0.01743
   6     487.0       51.8007       12.1969      217.0353      229.2322     177.431518       0.01576
   5     554.0       50.7790       13.7203      214.3681      228.0884     177.309440       0.01538
   4     628.0       49.6451       15.3690      211.4393      226.8082     177.163126       0.01669
   3     710.0       48.3940       17.1419      208.2215      225.3634     176.969410       0.01994
   2     802.0       47.0228       19.0371      204.6725      223.7095     176.686712       0.02593
   1     902.0       45.5310       21.0511      200.7326      221.7838     176.252773       0.03662
   0    1013.0       43.9117       23.1802      196.3784      219.5585     175.646818       0.04607



 Wavenumbers: 22650. - 29000. cm-1, ATM      1
 LEVEL PRESSURE   UPWARD FLUX   DIFDOWN FLUX  DIRDOWN FLUX  DOWNWARD FLUX   NET FLUX    HEATING RATE
          mb          W/m2          W/m2          W/m2        W/m2          W/m2       degree/day
  47   .000061       31.3323        0.0000       92.0251       92.0251      60.692712       0.00000
  46   .000117       31.3323        0.0000       92.0251       92.0251      60.692712       0.00000
  45   .000258       31.3323        0.0000       92.0251       92.0251      60.692712       0.00000
  44   .000625       31.3323        0.0000       92.0250       92.0251      60.692712      -0.00000
  43   .001640       31.3323        0.0001       92.0250       92.0250      60.692712       0.00000
  42   .004480       31.3323        0.0002       92.0248       92.0250      60.692712      -0.00000
  41    .01200       31.3322        0.0004       92.0245       92.0249      60.692712       0.00000
  40    .03000       31.3319        0.0010       92.0236       92.0246      60.692712       0.00000
  39    .06700       31.3313        0.0023       92.0217       92.0240      60.692712       0.00000
  38    0.1390       31.3302        0.0048       92.0181       92.0229      60.692712      -0.00000
  37    0.2720       31.3281        0.0094       92.0114       92.0208      60.692712       0.00000
  36    0.5150       31.3242        0.0177       91.9992       92.0169      60.692712      -0.00000
  35    0.9510       31.3173        0.0328       91.9772       92.0100      60.692712       0.00000
  34     1.290       31.3120        0.0445       91.9602       92.0047      60.692712      -0.00000
  33     1.760       31.3046        0.0605       91.9368       91.9973      60.692712      -0.00000
  32     2.410       31.2943        0.0829       91.9041       91.9870      60.692712       0.00000
  31     3.330       31.2799        0.1145       91.8581       91.9726      60.692712       0.00000
  30     4.640       31.2593        0.1592       91.7927       91.9520      60.692712      -0.00000
  29     6.520       31.2297        0.2234       91.6990       91.9224      60.692712       0.00000
  28     9.300       31.1868        0.3164       91.5632       91.8795      60.692712       0.00000
  27     13.20       31.1243        0.4515       91.3656       91.8170      60.692712      -0.00000
  26     19.07       31.0327        0.6486       91.0768       91.7254      60.692712       0.00000
  25     27.70       30.8974        0.9376       90.6525       91.5901      60.692712      -0.00000
  24     32.20       30.8267        1.0877       90.4317       91.5194      60.692712       0.00000
  23     37.60       30.7438        1.2627       90.1739       91.4365      60.692712      -0.00000
  22     43.70       30.6468        1.4665       89.8730       91.3395      60.692712       0.00000
  21     51.00       30.5332        1.7038       89.5221       91.2259      60.692712       0.00000
  20     59.50       30.3998        1.9803       89.1122       91.0925      60.692712       0.00000
  19     69.50       30.2431        2.3022       88.6337       90.9358      60.692712      -0.00000
  18     81.20       30.0590        2.6766       88.0751       90.7517      60.692712       0.00000
  17     95.00       29.8424        3.1115       87.4236       90.5351      60.692712       0.00000
  16     111.0       29.5884        3.6144       86.6667       90.2811      60.692712       0.00000
  15     130.0       29.2910        4.1934       85.7902       89.9837      60.692712      -0.00000
  14     153.0       28.9414        4.8606       84.7735       89.6341      60.692712       0.00000
  13     179.0       28.5308        5.6260       83.5975       89.2235      60.692712       0.00000
  12     209.0       28.0576        6.4843       82.2660       88.7503      60.692712      -0.00000
  11     243.0       27.5213        7.4269       80.7871       88.2140      60.692712       0.00000
  10     281.0       26.9158        8.4535       79.1550       87.6085      60.692712       0.00000
   9     324.0       26.2343        9.5629       77.3642       86.9270      60.692712      -0.00000
   8     372.0       25.4693       10.7518       75.4102       86.1620      60.692712       0.00000
   7     426.0       24.6129       12.0147       73.2909       85.3056      60.692712       0.00000
   6     487.0       23.6553       13.3447       71.0033       84.3480      60.692712       0.00000
   5     554.0       22.5864       14.7317       68.5475       83.2792      60.692712       0.00000
   4     628.0       21.3964       16.1611       65.9280       82.0891      60.692712      -0.00000
   3     710.0       20.0746       17.6134       63.1539       80.7673      60.692712       0.00000
   2     802.0       18.6082       19.0702       60.2307       79.3009      60.692712       0.00000
   1     902.0       16.9804       20.5067       57.1664       77.6731      60.692712       0.00000
   0    1013.0       15.1732       21.8944       53.9715       75.8659      60.692712      -0.00000



 Wavenumbers: 29000. - 38000. cm-1, ATM      1
 LEVEL PRESSURE   UPWARD FLUX   DIFDOWN FLUX  DIRDOWN FLUX  DOWNWARD FLUX   NET FLUX    HEATING RATE
          mb          W/m2          W/m2          W/m2        W/m2          W/m2       degree/day
  47   .000061        6.6107        0.0000       32.4785       32.4785      25.867729       0.00000
  46   .000117        6.6107        0.0000       32.4784       32.4784      25.867723       0.87157
  45   .000258        6.6107        0.0000       32.4784       32.4784      25.867687       2.15082
  44   .000625        6.6107        0.0000       32.4782       32.4782      25.867517       3.90578
  43   .001640        6.6107        0.0000       32.4776       32.4776      25.866915       5.00450
  42   .004480        6.6106        0.0001       32.4760       32.4761      25.865449       4.35784
  41    .01200        6.6105        0.0003       32.4737       32.4740      25.863495       2.19194
  40    .03000        6.6102        0.0008       32.4701       32.4709      25.860748       1.28835
  39    .06700        6.6095        0.0019       32.4596       32.4615      25.851977       2.00053
  38    0.1390        6.6082        0.0039       32.4217       32.4256      25.817336       4.06018
  37    0.2720        6.6062        0.0075       32.3039       32.3114      25.705143       7.11893
  36    0.5150        6.6032        0.0140       32.0041       32.0181      25.414903      10.07972
  35    0.9510        6.5994        0.0249       31.2921       31.3171      24.717666      13.49562
  34     1.290        6.5977        0.0327       30.6540       30.6867      24.089010      15.64989
  33     1.760        6.5971        0.0425       29.7528       29.7953      23.198207      15.99494
  32     2.410        6.5991        0.0550       28.5749       28.6299      22.030789      15.15694
  31     3.330        6.6073        0.0713       27.2098       27.2811      20.673859      12.44710
  30     4.640        6.6254        0.0930       25.7822       25.8752      19.249834       9.17370
  29     6.520        6.6566        0.1226       24.3782       24.5008      17.844173       6.30988
  28     9.300        6.7013        0.1639       23.0675       23.2314      16.530015       3.98934
  27     13.20        6.7588        0.2221       21.8629       22.0850      15.326199       2.60492
  26     19.07        6.8314        0.3042       20.7188       21.0230      14.191555       1.63125
  25     27.70        6.9208        0.4208       19.6140       20.0348      13.113966       1.05376
  24     32.20        6.9580        0.4805       19.1929       19.6733      12.715343       0.74756
  23     37.60        6.9917        0.5499       18.7908       19.3407      12.349013       0.57250
  22     43.70        7.0221        0.6303       18.3965       19.0268      12.004669       0.47639
  21     51.00        7.0478        0.7235       18.0073       18.7308      11.683023       0.37184
  20     59.50        7.0669        0.8316       17.6189       18.4505      11.383570       0.29731
  19     69.50        7.0745        0.9569       17.2331       18.1900      11.115425       0.22629
  18     81.20        7.0622        1.1037       16.8580       17.9618      10.899568       0.15570
  17     95.00        7.0274        1.2752       16.4833       17.7585      10.731103       0.10302
  16     111.0        6.9756        1.4730       16.0856       17.5586      10.583019       0.07811
  15     130.0        6.9078        1.6886       15.6515       17.3402      10.432430       0.06689
  14     153.0        6.8234        1.9394       15.1735       17.1130      10.289573       0.05242
  13     179.0        6.7147        2.2227       14.6547       16.8774      10.162680       0.04119
  12     209.0        6.5778        2.5334       14.1040       16.6374      10.059597       0.02900
  11     243.0        6.4157        2.8655       13.5205       16.3859       9.970222       0.02218
  10     281.0        6.2267        3.2167       12.9039       16.1206       9.893919       0.01695
   9     324.0        6.0093        3.5823       12.2541       15.8364       9.827095       0.01311
   8     372.0        5.7625        3.9561       11.5715       15.5276       9.765071       0.01090
   7     426.0        5.4836        4.3324       10.8591       15.1915       9.707875       0.00894
   6     487.0        5.1696        4.7032       10.1216       14.8248       9.655190       0.00729
   5     554.0        4.8171        5.0601        9.3638       14.4238       9.606732       0.00610
   4     628.0        4.4232        5.3923        8.5922       13.9845       9.561304       0.00518
   3     710.0        3.9846        5.6882        7.8150       13.5033       9.518693       0.00439
   2     802.0        3.4969        5.9356        7.0404       12.9760       9.479149       0.00363
   1     902.0        2.9547        6.1234        6.2738       12.3972       9.442450       0.00310
   0    1013.0        2.3521        6.2350        5.5255       11.7605       9.408386       0.00259



 Wavenumbers: 38000. - 50000. cm-1, ATM      1
 LEVEL PRESSURE   UPWARD FLUX   DIFDOWN FLUX  DIRDOWN FLUX  DOWNWARD FLUX   NET FLUX    HEATING RATE
          mb          W/m2          W/m2          W/m2        W/m2          W/m2       degree/day
  47   .000061        0.0075        0.0000        2.0244        2.0244       2.016865       0.00000
  46   .000117        0.0075        0.0000        2.0244        2.0244       2.016861       0.64172
  45   .000258        0.0075        0.0000        2.0244        2.0244       2.016838       1.34553
  44   .000625        0.0075        0.0000        2.0243        2.0243       2.016736       2.33873
  43   .001640        0.0075        0.0000        2.0239        2.0239       2.016380       2.96518
  42   .004480        0.0075        0.0000        2.0230        2.0230       2.015499       2.61744
  41    .01200        0.0075        0.0001        2.0216        2.0217       2.014220       1.43484
  40    .03000        0.0074        0.0002        2.0194        2.0196       2.012198       0.94795
  39    .06700        0.0072        0.0004        2.0131        2.0135       2.006386       1.32583
  38    0.1390        0.0068        0.0009        1.9917        1.9926       1.985802       2.41258
  37    0.2720        0.0062        0.0016        1.9275        1.9291       1.922862       3.99367
  36    0.5150        0.0053        0.0027        1.7707        1.7734       1.768168       5.37238
  35    0.9510        0.0040        0.0039        1.4309        1.4348       1.430818       6.52969
  34     1.290        0.0032        0.0041        1.1630        1.1671       1.163852       6.64591
  33     1.760        0.0025        0.0039        0.8435        0.8474       0.844942       5.72624
  32     2.410        0.0018        0.0032        0.5306        0.5338       0.532032       4.06260
  31     3.330        0.0013        0.0025        0.3010        0.3035       0.302223       2.10803
  30     4.640        0.0009        0.0018        0.1643        0.1661       0.165257       0.88235
  29     6.520        0.0006        0.0013        0.0875        0.0888       0.088230       0.34576
  28     9.300        0.0004        0.0010        0.0464        0.0473       0.046937       0.12535
  27     13.20        0.0002        0.0006        0.0231        0.0238       0.023545       0.05062
  26     19.07        0.0001        0.0004        0.0099        0.0103       0.010157       0.01925
  25     27.70        0.0000        0.0002        0.0034        0.0036       0.003555       0.00646
  24     32.20        0.0000        0.0001        0.0021        0.0022       0.002206       0.00253
  23     37.60        0.0000        0.0001        0.0013        0.0014       0.001330       0.00137
  22     43.70        0.0000        0.0000        0.0007        0.0008       0.000771       0.00077
  21     51.00        0.0000        0.0000        0.0004        0.0004       0.000426       0.00040
  20     59.50        0.0000        0.0000        0.0002        0.0002       0.000223       0.00020
  19     69.50        0.0000        0.0000        0.0001        0.0001       0.000109       0.00010
  18     81.20        0.0000        0.0000        0.0000        0.0001       0.000051       0.00004
  17     95.00        0.0000        0.0000        0.0000        0.0000       0.000022       0.00002
  16     111.0        0.0000        0.0000        0.0000        0.0000       0.000008       0.00001
  15     130.0        0.0000        0.0000        0.0000        0.0000       0.000003       0.00000
  14     153.0        0.0000        0.0000        0.0000        0.0000       0.000001       0.00000
  13     179.0        0.0000        0.0000        0.0000        0.0000       0.000000       0.00000
  12     209.0        0.0000        0.0000        0.0000        0.0000       0.000000       0.00000
  11     243.0        0.0000        0.0000        0.0000        0.0000       0.000000       0.00000
  10     281.0        0.0000        0.0000        0.0000        0.0000       0.000000       0.00000
   9     324.0        0.0000        0.0000        0.0000        0.0000       0.000000       0.00000
   8     372.0        0.0000        0.0000        0.0000        0.0000       0.000000       0.00000
   7     426.0        0.0000        0.0000        0.0000        0.0000       0.000000       0.00000
   6     487.0        0.0000        0.0000        0.0000        0.0000       0.000000       0.00000
   5     554.0        0.0000        0.0000        0.0000        0.0000       0.000000       0.00000
   4     628.0        0.0000        0.0000        0.0000        0.0000       0.000000       0.00000
   3     710.0        0.0000        0.0000        0.0000        0.0000       0.000000       0.00000
   2     802.0        0.0000        0.0000        0.0000        0.0000       0.000000       0.00000
   1     902.0        0.0000        0.0000        0.0000        0.0000       0.000000       0.00000
   0    1013.0        0.0000        0.0000        0.0000        0.0000       0.000000       0.00000



 Wavenumbers:   820. -  2600. cm-1, ATM      1
 LEVEL PRESSURE   UPWARD FLUX   DIFDOWN FLUX  DIRDOWN FLUX  DOWNWARD FLUX   NET FLUX    HEATING RATE
          mb          W/m2          W/m2          W/m2        W/m2          W/m2       degree/day
  47   .000061        0.3823        0.0000        9.3605        9.3605       8.978106       0.00000
  46   .000117        0.3823        0.0000        9.3604        9.3604       8.978033      11.11428
  45   .000258        0.3823        0.0000        9.3601        9.3601       8.977763      16.16055
  44   .000625        0.3823        0.0000        9.3596        9.3596       8.977223      12.41079
  43   .001640        0.3823        0.0000        9.3589        9.3589       8.976575       5.39227
  42   .004480        0.3823        0.0000        9.3577        9.3577       8.975331       3.69451
  41    .01200        0.3823        0.0000        9.3559        9.3559       8.973570       1.97672
  40    .03000        0.3823        0.0000        9.3547        9.3547       8.972354       0.56993
  39    .06700        0.3823        0.0000        9.3530        9.3530       8.970681       0.38163
  38    0.1390        0.3823        0.0000        9.3491        9.3491       8.966746       0.46124
  37    0.2720        0.3823        0.0000        9.3420        9.3420       8.959625       0.45185
  36    0.5150        0.3823        0.0000        9.3317        9.3317       8.949320       0.35788
  35    0.9510        0.3823        0.0000        9.3151        9.3151       8.932795       0.31985
  34     1.290        0.3823        0.0000        9.3024        9.3024       8.920081       0.31650
  33     1.760        0.3823        0.0000        9.2854        9.2854       8.903063       0.30557
  32     2.410        0.3823        0.0000        9.2626        9.2626       8.880207       0.29675
  31     3.330        0.3823        0.0000        9.2315        9.2315       8.849182       0.28459
  30     4.640        0.3823        0.0000        9.1897        9.1897       8.807358       0.26943
  29     6.520        0.3824        0.0000        9.1340        9.1340       8.751649       0.25008
  28     9.300        0.3824        0.0000        9.0597        9.0597       8.677301       0.22569
  27     13.20        0.3824        0.0000        8.9623        8.9623       8.579970       0.21061
  26     19.07        0.3824        0.0000        8.8486        8.8486       8.466233       0.16352
  25     27.70        0.3824        0.0000        8.7438        8.7438       8.361392       0.10252
  24     32.20        0.3824        0.0000        8.7097        8.7097       8.327277       0.06398
  23     37.60        0.3824        0.0000        8.6794        8.6794       8.297048       0.04724
  22     43.70        0.3824        0.0000        8.6509        8.6509       8.268488       0.03951
  21     51.00        0.3824        0.0000        8.6212        8.6212       8.238789       0.03433
  20     59.50        0.3824        0.0000        8.5879        8.5879       8.205449       0.03310
  19     69.50        0.3824        0.0000        8.5494        8.5494       8.166968       0.03247
  18     81.20        0.3825        0.0000        8.5052        8.5052       8.122786       0.03187
  17     95.00        0.3825        0.0000        8.4541        8.4541       8.071680       0.03125
  16     111.0        0.3825        0.0000        8.3946        8.3946       8.012137       0.03141
  15     130.0        0.3825        0.0000        8.3256        8.3256       7.943065       0.03068
  14     153.0        0.3826        0.0000        8.2410        8.2410       7.858434       0.03105
  13     179.0        0.3826        0.0000        8.1319        8.1319       7.749278       0.03543
  12     209.0        0.3827        0.0000        7.9589        7.9589       7.576238       0.04868
  11     243.0        0.3829        0.0000        7.6457        7.6457       7.262815       0.07779
  10     281.0        0.3832        0.0000        7.2103        7.2104       6.827180       0.09675
   9     324.0        0.3838        0.0000        6.7888        6.7888       6.405027       0.08285
   8     372.0        0.3846        0.0000        6.3304        6.3304       5.945750       0.08075
   7     426.0        0.3859        0.0000        5.7811        5.7811       5.395205       0.08604
   6     487.0        0.3877        0.0000        5.2751        5.2751       4.887353       0.07026
   5     554.0        0.3904        0.0000        4.9320        4.9321       4.541645       0.04354
   4     628.0        0.3953        0.0000        4.6530        4.6531       4.257750       0.03238
   3     710.0        0.4052        0.0000        4.2999        4.3000       3.894791       0.03735
   2     802.0        0.4259        0.0000        3.8650        3.8651       3.439156       0.04180
   1     902.0        0.4711        0.0000        3.3934        3.3935       2.922364       0.04361
   0    1013.0        0.5744        0.0000        2.8717        2.8718       2.297413       0.04751

  Modules and versions used in this calculation:

       rrtmg_sw.1col.f90:  $Revision: 33222 $            rrtmg_sw_init.f90:  $Revision: 33222 $
     rrtmgsw_cldprop.f90:  $Revision: 33222 $          rrtmgsw_cldprmc.f90:  NOT USED          
     rrtmg_sw_reftra.f90:  $Revision: 33222 $          rrtmg_sw_spcvrt.f90:  NOT USED          
     rrtmg_sw_spcvmc.f90:  NOT USED                    rrtmgsw_setcoef.f90:  NOT USED          
     rrtmg_sw_taumol.f90:  $Revision: 33222 $          rrtmg_sw_vrtqdr.f90:  NOT USED          
                rrtatm.f:  NOT USED                             util_xxx.f:  NOT USED          
                 extra.f:  NOT USED                       rrtmg_sw_k_g.f90:  $Revision: 33222 $

